487.446840
480.676193
475.126071
470.839637
467.851627
466.187007
473.710072
466.740198
461.022335
456.603520
453.521725
451.804311
460.920864
453.754585
447.870968
443.321085
440.146300
438.376489
449.160164
441.803162
435.758206
431.080497
427.814885
425.993846
438.510733
430.971976
424.772910
419.972863
416.620194
414.750006
429.055327
421.347427
415.004621
410.090254
406.656116
404.739889
420.874428
413.013880
406.541075
401.523133
398.015084
396.057051
414.043590
406.050829
399.465213
394.357245
390.784874
388.790430
408.630524
400.529757
393.851833
388.670101
385.044969
383.020638
