436.370351
436.725699
437.081047
437.436394
437.791742
438.147090
436.556982
436.912330
437.267677
437.623025
437.978372
438.333720
436.743613
437.098960
437.454308
437.809655
438.165003
438.520351
436.930243
437.285591
437.640938
437.996286
438.351634
438.706981
437.116874
437.472221
437.827569
438.182917
438.538264
438.893612
437.303504
437.658852
438.014200
438.369547
438.724895
439.080243
437.490135
437.845483
438.200830
438.556178
438.911526
439.266873
437.676766
438.032113
438.387461
438.742808
439.098156
439.453504
437.863396
438.218744
438.574091
438.929439
439.284787
439.640134
