475.297679
472.904806
470.511933
468.119060
465.726188
463.333315
460.039483
457.646610
455.253737
452.860864
450.467991
448.075118
444.781286
442.388413
439.995541
437.602668
435.209795
432.816922
429.523090
427.130217
424.737344
422.344471
419.951598
417.558725
414.264893
411.872021
409.479148
407.086275
404.693402
402.300529
399.006697
396.613824
394.220951
391.828078
389.435205
387.042332
383.748501
381.355628
378.962755
376.569882
374.177009
371.784136
368.490304
366.097431
363.704558
361.311685
358.918812
356.525939
353.232108
350.839235
348.446362
346.053489
343.660616
341.267743
