474.444495
471.466138
469.801086
469.463311
470.455674
472.769797
452.628889
449.506008
447.759301
447.404886
448.446064
450.873168
431.159185
427.879637
426.044275
425.671780
426.765984
429.315671
410.089716
406.640278
404.708606
404.316456
405.468293
408.151047
389.485439
385.851846
383.815565
383.402045
384.616521
387.443685
369.424199
365.591273
363.441494
363.004766
364.287250
367.270937
349.999387
345.951313
343.678704
343.216830
344.572971
347.725859
331.322958
327.043794
324.638851
324.149848
325.585418
328.920362
313.528682
309.003196
306.456711
305.938647
307.459260
310.988644
