445.868405
459.736119
473.603833
487.471548
501.339262
515.206976
449.549208
463.416923
477.284637
491.152351
505.020065
518.887780
453.230012
467.097726
480.965440
494.833154
508.700869
522.568583
456.910815
470.778529
484.646244
498.513958
512.381672
526.249386
460.591618
474.459333
488.327047
502.194761
516.062475
529.930190
464.272422
478.140136
492.007850
505.875565
519.743279
533.610993
467.953225
481.820940
495.688654
509.556368
523.424082
537.291796
471.634029
485.501743
499.369457
513.237171
527.104886
540.972600
475.314832
489.182546
503.050261
516.917975
530.785689
544.653403
