518.620303
520.856017
523.091730
525.327444
527.563157
529.798871
507.221585
509.457299
511.693012
513.928726
516.164439
518.400153
495.822867
498.058581
500.294294
502.530008
504.765722
507.001435
484.424150
486.659863
488.895577
491.131290
493.367004
495.602717
473.025432
475.261145
477.496859
479.732572
481.968286
484.203999
461.626714
463.862427
466.098141
468.333854
470.569568
472.805282
450.227996
452.463710
454.699423
456.935137
459.170850
461.406564
438.829278
441.064992
443.300705
445.536419
447.772132
450.007846
427.430560
429.666274
431.901987
434.137701
436.373415
438.609128
