455.683044
444.111368
433.673585
424.453353
416.531534
409.983401
459.409967
447.934580
437.588001
428.452015
420.605515
414.121806
464.454517
453.106906
442.881179
433.856669
426.109704
419.711032
470.774339
459.582799
449.504416
440.615581
432.989562
426.694072
478.318889
467.308067
457.399935
448.667550
441.180735
435.003807
487.031251
476.221913
466.503141
457.944376
450.611720
444.565847
496.849998
486.258975
476.744860
468.373283
461.206464
455.301299
507.710942
497.351256
488.053421
479.879164
472.886755
467.129268
519.548729
509.429830
500.356495
492.386528
485.574262
479.968993
