480.763411
477.431157
475.392009
474.662632
475.249057
477.146433
474.432984
471.055950
468.989083
468.249733
468.844179
470.767370
469.350460
465.936590
463.846913
463.099353
463.700402
465.644837
465.556712
462.114817
460.007779
459.253970
459.860045
461.820650
463.083416
459.623000
457.504486
456.746545
457.355943
459.327237
461.951782
458.482825
456.359017
455.599171
456.210102
458.186326
462.171664
458.704370
456.581593
455.822118
456.432750
458.408014
463.741140
460.285669
458.170219
457.413381
458.021892
459.990332
466.646593
463.212797
461.110776
460.358773
460.963395
462.919327
