517.249723
511.493248
505.736773
499.980298
494.223822
488.467347
526.206563
520.450088
514.693612
508.937137
503.180662
497.424186
535.163402
529.406927
523.650452
517.893976
512.137501
506.381026
544.120242
538.363766
532.607291
526.850816
521.094340
515.337865
553.077081
547.320606
541.564130
535.807655
530.051180
524.294705
562.033920
556.277445
550.520970
544.764495
539.008019
533.251544
570.990760
565.234285
559.477809
553.721334
547.964859
542.208383
579.947599
574.191124
568.434649
562.678173
556.921698
551.165223
588.904439
583.147963
577.391488
571.635013
565.878537
560.122062
