522.440030
508.477475
495.383790
483.229611
472.087506
462.030703
509.040732
494.700136
481.231734
468.710719
457.214934
446.823514
496.539373
481.826843
467.988102
455.102868
443.254304
432.527612
485.005393
469.931897
455.732098
442.490116
430.294387
419.236231
474.509339
459.091353
444.545417
430.959841
418.428180
407.047785
465.121484
449.381522
434.510655
420.601078
407.751179
396.064112
456.910141
440.877119
425.709280
411.502307
398.359016
386.387970
449.939728
433.649070
418.219169
403.748722
390.344448
378.119750
444.268659
427.762081
412.111824
397.419064
383.793786
371.353507
