520.364098
516.532420
513.889761
512.454518
512.236839
513.238273
527.716865
523.938962
521.333849
519.919156
519.704603
520.691675
536.135603
532.417441
529.854015
528.462131
528.251048
529.222180
545.570967
541.917546
539.399270
538.032080
537.824753
538.778629
555.971200
552.386569
549.916237
548.575258
548.371918
549.307479
567.283237
563.770536
561.350303
560.036703
559.837526
560.753958
579.453679
576.015201
573.646632
572.361253
572.166366
573.063083
592.429626
589.066896
586.751015
585.494406
585.303892
586.180511
606.159349
602.873206
600.610563
599.383012
599.196913
600.053237
