577.112711
587.413261
597.713811
608.014362
618.314912
628.615462
572.022897
582.323447
592.623997
602.924547
613.225098
623.525648
566.933083
577.233633
587.534183
597.834733
608.135284
618.435834
561.843269
572.143819
582.444369
592.744919
603.045470
613.346020
556.753455
567.054005
577.354555
587.655105
597.955656
608.256206
551.663640
561.964191
572.264741
582.565291
592.865842
603.166392
546.573826
556.874377
567.174927
577.475477
587.776028
598.076578
541.484012
551.784563
562.085113
572.385663
582.686213
592.986764
536.394198
546.694749
556.995299
567.295849
577.596399
587.896950
