465.515319
454.873902
445.383005
437.117576
430.148265
424.538908
477.335721
466.963751
457.723606
449.685061
442.913545
437.467899
490.147191
480.052105
471.068761
463.261840
456.691676
451.412274
503.874139
494.059614
485.335612
477.761877
471.393854
466.280945
518.443850
508.910385
500.445336
493.103731
486.936386
481.988380
533.787321
524.532800
516.323942
509.211319
503.241415
498.455290
549.839779
540.859998
532.902704
526.014302
520.237254
515.608917
566.540962
557.830096
550.118324
543.448180
537.858419
533.383008
583.835199
575.386213
567.912888
561.454186
556.045463
551.717601
