592.355624
576.712177
561.746105
547.512956
534.071331
521.482442
584.096850
568.226083
553.030407
538.566971
524.896306
512.081910
576.804192
560.727052
545.322452
530.648968
516.768882
503.747782
570.514699
554.255151
538.665501
523.805568
509.739172
496.533759
565.261857
548.846716
533.098929
518.079355
503.853122
490.489265
561.074783
544.533436
528.657179
513.507706
499.151194
485.657971
557.977471
541.341490
525.368784
510.121661
495.667085
482.076353
555.988132
539.290788
523.255487
507.944933
493.426595
479.772400
555.118680
538.394371
522.331551
506.993097
492.446698
478.764557
