496.221725
498.645449
502.303262
507.168463
513.206716
520.377187
497.042605
499.462346
503.114220
507.971654
514.000471
521.160021
499.115921
501.525658
505.162616
510.000541
516.005654
523.137763
502.426167
504.820103
508.433496
513.240590
519.208230
526.296941
506.949114
509.321792
512.903471
517.669058
523.586227
530.616453
512.652665
514.999066
518.541533
523.255774
529.110469
536.068253
519.497937
521.813558
525.310073
529.964108
535.745499
542.618211
527.440477
529.721380
533.166038
537.752087
543.450633
550.227111
536.431550
538.674383
542.062150
546.573561
552.181076
558.851702
