453.321698
440.885308
428.448918
416.012527
403.576137
391.139746
458.810285
446.373895
433.937504
421.501114
409.064723
396.628333
464.298871
451.862481
439.426091
426.989700
414.553310
402.116920
469.787458
457.351068
444.914677
432.478287
420.041896
407.605506
475.276045
462.839654
450.403264
437.966873
425.530483
413.094093
480.764631
468.328241
455.891850
443.455460
431.019070
418.582679
486.253218
473.816827
461.380437
448.944046
436.507656
424.071266
491.741804
479.305414
466.869023
454.432633
441.996243
429.559852
497.230391
484.794000
472.357610
459.921220
447.484829
435.048439
