436.531120
425.591985
414.652849
403.713714
392.774578
381.835443
441.500620
430.561485
419.622349
408.683214
397.744078
386.804943
446.470120
435.530985
424.591849
413.652714
402.713578
391.774443
451.439620
440.500485
429.561349
418.622214
407.683078
396.743943
456.409120
445.469985
434.530849
423.591714
412.652578
401.713443
461.378620
450.439485
439.500349
428.561214
417.622078
406.682943
466.348120
455.408985
444.469849
433.530714
422.591578
411.652442
471.317620
460.378485
449.439349
438.500214
427.561078
416.621942
476.287120
465.347985
454.408849
443.469714
432.530578
421.591442
