616.909611
602.562273
588.214935
573.867597
559.520260
545.172922
612.632050
598.284712
583.937374
569.590036
555.242698
540.895360
608.354489
594.007151
579.659813
565.312475
550.965137
536.617799
604.076927
589.729589
575.382252
561.034914
546.687576
532.340238
599.799366
585.452028
571.104690
556.757352
542.410015
528.062677
595.521805
581.174467
566.827129
552.479791
538.132453
523.785115
591.244244
576.896906
562.549568
548.202230
533.854892
519.507554
586.966682
572.619344
558.272007
543.924669
529.577331
515.229993
582.689121
568.341783
553.994445
539.647107
525.299769
510.952432
