473.161976
460.656593
448.151209
435.645826
423.140442
410.635059
462.113846
449.608463
437.103079
424.597696
412.092312
399.586929
451.065716
438.560332
426.054949
413.549566
401.044182
388.538799
440.017586
427.512202
415.006819
402.501435
389.996052
377.490669
428.969456
416.464072
403.958689
391.453305
378.947922
366.442538
417.921325
405.415942
392.910559
380.405175
367.899792
355.394408
406.873195
394.367812
381.862428
369.357045
356.851662
344.346278
395.825065
383.319682
370.814298
358.308915
345.803531
333.298148
384.776935
372.271552
359.766168
347.260785
334.755401
322.250018
