587.473900
574.015242
560.556584
547.097926
533.639268
520.180610
578.690244
565.231586
551.772928
538.314270
524.855612
511.396954
569.906587
556.447929
542.989271
529.530613
516.071955
502.613297
561.122931
547.664273
534.205615
520.746956
507.288298
493.829640
552.339274
538.880616
525.421958
511.963300
498.504642
485.045984
543.555618
530.096959
516.638301
503.179643
489.720985
476.262327
534.771961
521.313303
507.854645
494.395987
480.937329
467.478671
525.988304
512.529646
499.070988
485.612330
472.153672
458.695014
517.204648
503.745990
490.287332
476.828674
463.370015
449.911357
