453.787931
445.185275
436.582620
427.979964
419.377309
410.774653
453.823153
445.220498
436.617842
428.015187
419.412531
410.809876
453.858376
445.255721
436.653065
428.050410
419.447754
410.845099
453.893599
445.290943
436.688288
428.085632
419.482977
410.880321
453.928821
445.326166
436.723510
428.120855
419.518199
410.915544
453.964044
445.361389
436.758733
428.156078
419.553422
410.950767
453.999267
445.396611
436.793956
428.191300
419.588645
410.985989
454.034489
445.431834
436.829178
428.226523
419.623867
411.021212
454.069712
445.467056
436.864401
428.261745
419.659090
411.056434
