559.844772
557.095178
555.458284
554.943938
555.555256
557.288535
538.871464
536.014294
534.312822
533.778100
534.413630
536.215252
518.255478
515.284008
513.513853
512.957450
513.618744
515.493048
498.041189
494.948375
493.105225
492.525767
493.214456
495.166001
478.279533
475.058081
473.137452
472.533509
473.251292
475.284813
459.028972
455.671445
453.668749
453.038853
453.787473
455.907819
440.356541
436.855527
434.766167
434.108844
434.890051
437.102076
422.338926
418.687278
416.506789
415.820603
416.636103
418.944520
405.063519
401.254686
398.978936
398.262551
399.113929
401.523096
