404.157765
397.506443
390.855122
384.203801
377.552479
370.901158
420.908816
414.257495
407.606174
400.954853
394.303531
387.652210
437.659868
431.008547
424.357226
417.705904
411.054583
404.403262
454.410920
447.759599
441.108277
434.456956
427.805635
421.154313
471.161972
464.510650
457.859329
451.208008
444.556686
437.905365
487.913023
481.261702
474.610381
467.959059
461.307738
454.656417
504.664075
498.012754
491.361433
484.710111
478.058790
471.407469
521.415127
514.763806
508.112484
501.461163
494.809842
488.158520
538.166179
531.514857
524.863536
518.212215
511.560893
504.909572
