446.098089
452.757838
459.417586
466.077335
472.737084
479.396833
424.635143
431.294892
437.954641
444.614390
451.274138
457.933887
403.172198
409.831946
416.491695
423.151444
429.811193
436.470941
381.709252
388.369001
395.028749
401.688498
408.348247
415.007996
360.246306
366.906055
373.565804
380.225552
386.885301
393.545050
338.783360
345.443109
352.102858
358.762607
365.422356
372.082104
317.320415
323.980164
330.639912
337.299661
343.959410
350.619159
295.857469
302.517218
309.176967
315.836715
322.496464
329.156213
274.394523
281.054272
287.714021
294.373770
301.033518
307.693267
