446.984601
441.901819
436.819037
431.736255
426.653474
421.570692
461.806694
456.723912
451.641131
446.558349
441.475567
436.392785
476.628787
471.546006
466.463224
461.380442
456.297661
451.214879
491.450881
486.368099
481.285318
476.202536
471.119754
466.036972
506.272974
501.190193
496.107411
491.024629
485.941848
480.859066
521.095068
516.012286
510.929505
505.846723
500.763941
495.681159
535.917161
530.834380
525.751598
520.668816
515.586035
510.503253
550.739255
545.656473
540.573691
535.490910
530.408128
525.325346
565.561348
560.478567
555.395785
550.313003
545.230222
540.147440
