459.084951
468.358642
477.632333
486.906024
496.179715
505.453406
464.902229
474.175920
483.449611
492.723302
501.996994
511.270685
470.719508
479.993199
489.266890
498.540581
507.814272
517.087963
476.536786
485.810477
495.084168
504.357859
513.631550
522.905242
482.354065
491.627756
500.901447
510.175138
519.448829
528.722520
488.171343
497.445034
506.718725
515.992416
525.266107
534.539799
493.988622
503.262313
512.536004
521.809695
531.083386
540.357077
499.805900
509.079591
518.353282
527.626973
536.900664
546.174356
505.623179
514.896870
524.170561
533.444252
542.717943
551.991634
