434.213410
425.229781
416.246152
407.262523
398.278894
389.295265
418.649178
409.665549
400.681920
391.698291
382.714662
373.731033
403.084946
394.101317
385.117688
376.134059
367.150430
358.166801
387.520713
378.537084
369.553456
360.569827
351.586198
342.602569
371.956481
362.972852
353.989223
345.005594
336.021965
327.038336
356.392249
347.408620
338.424991
329.441362
320.457733
311.474104
340.828017
331.844388
322.860759
313.877130
304.893501
295.909872
325.263785
316.280156
307.296527
298.312898
289.329269
280.345640
309.699553
300.715924
291.732295
282.748666
273.765037
264.781408
