444.792406
442.265625
441.143380
441.436383
443.141827
446.243518
442.402380
439.861870
438.733476
439.028088
440.742850
443.861306
441.417543
438.871331
437.740385
438.035664
439.754297
442.879713
441.847291
439.303570
438.173739
438.468726
440.185668
443.308043
443.687513
441.154404
440.029325
440.323069
442.032809
445.142227
446.920788
444.406109
443.289282
443.580868
445.278099
448.365012
451.517189
449.028251
447.922950
448.211521
449.891283
452.946757
457.435627
454.979067
453.888258
454.173039
455.830832
458.846757
464.625585
462.207240
461.133529
461.413838
463.045709
466.014943
