520.451078
528.658409
537.903431
548.133643
559.294984
571.332887
521.245433
529.440450
538.672051
548.887937
560.034245
572.056592
523.234439
531.398784
540.596944
550.777128
561.885961
573.869516
526.404555
534.520481
543.665828
553.789600
564.839190
576.761388
530.734616
538.785321
547.859480
557.907160
568.876777
580.716089
536.196522
544.166426
553.152318
563.105564
573.975840
585.712091
542.756103
550.631071
559.513150
569.355208
580.108388
591.723018
550.374113
558.141607
566.906025
576.621913
587.242045
598.718304
559.007282
566.656448
575.291160
584.867769
595.340823
606.663898
