535.449833
526.590383
517.730934
508.871484
500.012035
491.152586
518.225168
509.365718
500.506269
491.646820
482.787370
473.927921
501.000503
492.141054
483.281604
474.422155
465.562706
456.703256
483.775838
474.916389
466.056939
457.197490
448.338041
439.478591
466.551173
457.691724
448.832275
439.972825
431.113376
422.253927
449.326509
440.467059
431.607610
422.748161
413.888711
405.029262
432.101844
423.242394
414.382945
405.523496
396.664046
387.804597
414.877179
406.017730
397.158280
388.298831
379.439382
370.579932
397.652514
388.793065
379.933616
371.074166
362.214717
353.355268
