456.011977
446.721841
438.661468
431.899715
426.498352
422.509556
454.494513
445.172711
437.083771
430.297227
424.875492
420.871315
454.349647
445.024810
436.933132
430.144211
424.720523
420.714872
455.578688
446.279533
438.211024
431.442211
426.035048
422.041873
458.170580
448.925117
440.905025
434.178213
428.805552
424.838418
462.102390
452.937192
444.989415
438.325290
433.004088
429.075775
467.340303
458.279869
450.426375
443.843891
438.589648
434.711813
473.841005
464.907279
457.167648
450.683635
445.510066
441.692992
481.553358
472.765393
465.156530
458.785438
453.704263
449.956707
