476.168400
475.808353
476.760771
479.017824
482.561208
487.362866
461.785150
461.413880
462.395947
464.722773
468.374315
473.319916
448.335482
447.953064
448.964577
451.360648
455.119411
460.207477
435.905820
435.512488
436.552827
439.016645
442.880185
448.107243
424.585755
424.181926
425.249986
427.778908
431.743022
437.103284
414.466214
414.052516
415.146636
417.736727
421.795231
427.280306
405.637057
405.214345
406.332264
408.978181
413.122737
418.721434
398.184130
397.753498
398.892327
401.587266
405.807313
411.505552
392.185901
391.748675
392.904910
395.640634
399.923437
405.704324
