618.834822
603.496816
588.821090
574.858370
561.661834
549.286705
616.323395
600.921290
586.181087
572.153944
558.893554
546.455739
614.819093
599.378334
584.599227
570.533194
557.234237
544.758538
614.329315
598.875928
584.084109
570.005365
556.693798
544.205710
614.856485
599.416689
584.638552
570.573488
557.275493
544.800738
616.397994
600.997801
586.259521
572.234301
558.975818
546.539875
618.946264
603.611089
588.938211
574.978335
561.784616
549.412254
622.488929
607.243227
592.660279
578.790183
565.685376
553.400230
627.009136
611.876071
597.406224
583.648923
570.655706
558.479905
