530.261689
536.683097
544.178311
552.703647
562.212246
572.655129
516.411615
523.003101
530.691560
539.430087
549.168559
559.854797
503.422738
510.182067
518.060835
527.008839
536.972629
547.896789
491.363359
498.286302
506.350201
515.501517
525.683461
536.837395
480.303496
487.383561
495.624882
504.970604
515.360649
526.733221
470.313667
477.541865
485.950121
495.478363
506.063332
517.640206
461.463371
468.828039
477.389796
487.085522
497.848966
509.612481
453.819281
461.306002
470.004803
479.849771
490.771933
502.701082
447.443222
455.034861
463.851282
473.824123
484.882034
496.952588
