601.771657
605.711863
610.650960
616.564942
623.426068
631.203450
597.112912
601.083658
606.060473
612.018816
618.930339
626.763510
593.471594
597.466540
602.473236
608.466707
615.418124
623.295436
590.866512
594.878953
599.907245
605.926098
612.906330
620.815515
589.311410
593.334367
598.375639
604.409744
611.407288
619.335616
588.814606
592.840935
597.886367
603.925361
610.928453
618.862916
589.378777
593.401278
598.441986
604.475429
611.472221
619.399718
591.000885
595.012419
600.039593
606.057131
613.035872
620.943406
593.672256
597.665861
602.670901
608.662426
615.611633
623.486500
