481.902322
486.897655
493.111352
500.498036
509.006642
518.581951
467.397920
472.546605
478.946523
486.548303
495.296607
505.131871
453.808090
459.109204
465.693826
473.508414
482.493209
492.584180
441.217350
446.667917
453.433244
461.455507
470.670440
481.009503
429.713529
435.308162
442.247299
450.468814
459.903936
470.479659
419.386080
425.116646
432.219436
440.628097
450.269473
461.066238
410.323837
416.179204
423.431941
432.011674
441.841108
452.838871
402.612244
408.578141
415.963430
424.694071
434.689006
445.863220
396.330148
402.389195
409.886012
418.743383
428.877021
440.198794
