508.101355
498.575619
489.049883
479.524147
469.998412
460.472676
494.050426
484.524690
474.998954
465.473219
455.947483
446.421747
479.999497
470.473761
460.948026
451.422290
441.896554
432.370818
465.948568
456.422832
446.897097
437.371361
427.845625
418.319889
451.897639
442.371904
432.846168
423.320432
413.794696
404.268960
437.846711
428.320975
418.795239
409.269503
399.743767
390.218032
423.795782
414.270046
404.744310
395.218574
385.692839
376.167103
409.744853
400.219117
390.693381
381.167646
371.641910
362.116174
395.693924
386.168188
376.642452
367.116717
357.590981
348.065245
