472.779430
460.822464
449.938104
440.205919
431.703839
424.505781
484.776660
473.122990
462.528180
453.066519
444.810324
437.827795
497.741329
486.398380
476.099084
466.912509
458.905486
452.140685
511.599893
500.571078
490.569422
481.658916
473.901113
467.353420
526.281741
515.567090
505.862015
497.225635
489.714494
483.381050
541.719938
531.316709
521.904588
513.538073
506.269005
500.145238
557.851693
547.754932
538.630132
530.527447
523.494342
517.574420
574.618597
564.821640
555.977013
548.130817
541.326469
535.603678
591.966681
582.461592
573.888891
566.290926
559.707394
554.174449
