505.440902
500.738828
497.250683
495.002131
494.010098
494.282151
482.992749
478.069936
474.415147
472.057835
471.017481
471.302806
460.807428
455.644986
451.808833
449.332938
448.239843
448.539658
438.924795
433.501838
429.467940
426.862483
425.711695
426.027364
417.392460
411.685965
407.436132
404.688855
403.474829
403.807882
396.267531
390.252257
385.766369
382.863631
381.580172
381.932318
375.618751
369.267266
364.523225
361.449927
360.090152
360.463293
355.529093
348.811989
343.785794
340.525388
339.081712
339.477946
336.098834
328.985249
323.651297
320.185930
318.650118
319.071725
