450.090420
444.438002
438.785583
433.133164
427.480746
421.828327
465.186106
459.533687
453.881268
448.228850
442.576431
436.924013
480.281791
474.629373
468.976954
463.324535
457.672117
452.019698
495.377477
489.725058
484.072639
478.420221
472.767802
467.115383
510.473162
504.820744
499.168325
493.515906
487.863488
482.211069
525.568848
519.916429
514.264010
508.611592
502.959173
497.306754
540.664533
535.012114
529.359696
523.707277
518.054859
512.402440
555.760219
550.107800
544.455381
538.802963
533.150544
527.498125
570.855904
565.203485
559.551067
553.898648
548.246229
542.593811
