427.539862
415.918786
405.507756
396.402124
388.693642
382.466797
438.952205
427.641370
417.522748
408.684901
401.212477
395.182939
451.461785
440.472300
430.655257
422.092470
414.861612
409.033324
464.980051
454.317677
444.806312
436.521200
429.533307
423.906788
479.421686
469.087685
459.881898
451.873282
445.126462
439.699523
494.705830
484.697804
475.794141
468.057869
461.547692
456.316091
510.756853
501.069523
492.461948
484.991622
478.711789
473.669801
527.504756
518.130651
509.811215
502.598824
496.541722
491.682606
544.885284
535.815338
527.774743
520.811178
514.968335
510.284715
