505.838546
510.648129
516.624031
523.726328
531.909903
541.125699
503.911869
508.739668
514.737727
521.865696
530.077997
539.325097
503.221333
508.055693
514.061733
521.198947
529.421590
538.679959
503.772019
508.601145
514.600819
521.730659
529.945052
539.194432
505.559873
510.372083
516.351179
523.457179
531.644896
540.865208
508.571847
513.355823
519.300566
526.366750
534.509900
543.681627
512.786370
517.531389
523.428712
530.439906
538.521468
547.626012
518.174101
522.870229
528.708004
535.650102
543.654218
552.674214
524.698901
529.337146
535.104375
541.964546
549.876756
558.796318
