477.346987
481.976646
486.606306
491.235965
495.865625
500.495284
465.301025
469.930684
474.560344
479.190003
483.819663
488.449322
453.255063
457.884722
462.514382
467.144041
471.773701
476.403360
441.209101
445.838760
450.468420
455.098079
459.727739
464.357398
429.163139
433.792798
438.422458
443.052117
447.681777
452.311436
417.117177
421.746836
426.376496
431.006155
435.635815
440.265474
405.071215
409.700874
414.330534
418.960193
423.589853
428.219512
393.025253
397.654912
402.284572
406.914231
411.543891
416.173550
380.979291
385.608950
390.238610
394.868269
399.497929
404.127588
