476.624450
473.049998
469.475545
465.901092
462.326639
458.752186
454.651097
451.076644
447.502191
443.927738
440.353286
436.778833
432.677743
429.103291
425.528838
421.954385
418.379932
414.805479
410.704390
407.129937
403.555484
399.981031
396.406579
392.832126
388.731036
385.156583
381.582131
378.007678
374.433225
370.858772
366.757683
363.183230
359.608777
356.034324
352.459871
348.885419
344.784329
341.209876
337.635423
334.060971
330.486518
326.912065
322.810976
319.236523
315.662070
312.087617
308.513164
304.938712
300.837622
297.263169
293.688716
290.114264
286.539811
282.965358
