459.763655
464.450331
470.420664
477.626520
486.012946
495.520005
463.237987
467.889862
473.816858
480.971835
489.300927
498.745314
468.023766
472.628540
478.496842
485.582866
493.834193
503.193503
474.081279
478.627778
484.423411
491.423985
499.578847
508.832502
481.362517
485.840883
491.551477
498.451950
506.493670
515.623243
489.812909
494.214707
499.829639
506.617370
514.531487
523.520909
499.373106
503.691364
509.201808
515.866235
523.640587
532.476249
509.980698
514.209883
519.608790
526.141413
533.766126
542.436880
521.571784
525.707730
530.989744
537.384034
544.851439
553.348518
