450.171134
460.958232
471.745330
482.532428
493.319526
504.106623
450.428736
461.215834
472.002932
482.790030
493.577128
504.364225
450.686338
461.473436
472.260534
483.047632
493.834730
504.621827
450.943940
461.731038
472.518136
483.305234
494.092332
504.879429
451.201542
461.988640
472.775738
483.562836
494.349934
505.137031
451.459144
462.246242
473.033340
483.820438
494.607535
505.394633
451.716746
462.503844
473.290942
484.078040
494.865137
505.652235
451.974348
462.761446
473.548544
484.335642
495.122739
505.909837
452.231950
463.019048
473.806146
484.593244
495.380341
506.167439
