503.832009
510.712772
517.593535
524.474297
531.355060
538.235823
510.262448
517.143211
524.023974
530.904737
537.785499
544.666262
516.692887
523.573650
530.454413
537.335176
544.215938
551.096701
523.123326
530.004089
536.884852
543.765615
550.646378
557.527140
529.553765
536.434528
543.315291
550.196054
557.076817
563.957580
535.984204
542.864967
549.745730
556.626493
563.507256
570.388019
542.414643
549.295406
556.176169
563.056932
569.937695
576.818458
548.845082
555.725845
562.606608
569.487371
576.368134
583.248897
555.275521
562.156284
569.037047
575.917810
582.798573
589.679336
