489.249900
489.718060
491.459145
494.459710
498.697021
504.139893
465.386670
465.878811
467.708648
470.860588
475.308328
481.015925
441.649229
442.167790
444.095337
447.413658
452.092131
458.089083
418.059002
418.606788
420.642314
424.144161
429.076430
435.390510
394.642392
395.222635
397.377962
401.082981
406.295301
412.957849
371.432236
372.048678
374.337458
378.268220
383.790515
390.836888
348.469789
349.126778
351.564817
355.747290
361.613672
369.083678
325.807431
326.510024
329.115647
333.579709
339.828980
347.767234
303.512389
304.266468
307.060901
311.840842
318.516913
326.972992
