449.837019
458.022219
466.207419
474.392619
482.577819
490.763019
455.355080
463.540280
471.725480
479.910679
488.095879
496.281079
460.873140
469.058340
477.243540
485.428740
493.613940
501.799140
466.391201
474.576401
482.761601
490.946801
499.132001
507.317201
471.909262
480.094462
488.279662
496.464862
504.650062
512.835262
477.427323
485.612523
493.797723
501.982923
510.168123
518.353323
482.945384
491.130584
499.315784
507.500984
515.686184
523.871383
488.463445
496.648645
504.833844
513.019044
521.204244
529.389444
493.981505
502.166705
510.351905
518.537105
526.722305
534.907505
