478.957251
484.357652
490.973138
498.755361
507.650664
517.601666
473.724122
479.183504
485.869445
493.732119
502.716314
512.763083
469.764876
475.269741
482.009972
489.934588
498.987162
509.107528
467.111908
472.647672
479.424769
487.391420
496.490366
506.660607
465.787537
471.338856
478.134504
486.122301
495.244565
505.439874
465.803097
471.354233
478.149663
486.137210
495.259199
505.454213
467.158454
472.693673
479.470119
487.436029
496.534158
506.703520
469.842012
475.345983
482.085149
490.008549
499.059781
509.178704
473.831206
479.289369
485.973853
493.834864
502.817224
512.862016
