1310.000000
1361.000000
1367.000000
1409.000000
1399.000000
1454.000000
1362.000000
1360.000000
1399.000000
1404.000000
1461.000000
1452.000000
1328.000000
1403.000000
1372.000000
1465.000000
1458.000000
1502.000000
1378.000000
1397.000000
1447.000000
1425.000000
1517.000000
1519.000000
0.000000
1438.000000
0.000000
1486.000000
1507.000000
1532.000000
0.000000
0.000000
0.000000
0.000000
1537.000000
0.000000
0.000000
0.000000
0.000000
0.000000
0.000000
1588.000000
0.000000
0.000000
1496.000000
0.000000
0.000000
0.000000
0.000000
0.000000
0.000000
0.000000
0.000000
0.000000
