1300.000000
1276.000000
1276.000000
1257.000000
1250.000000
1236.000000
1306.000000
1310.000000
1284.000000
1291.000000
1265.000000
1262.000000
1342.000000
1315.000000
1318.000000
1296.000000
1300.000000
1284.000000
1348.000000
1350.000000
1318.000000
1333.000000
1302.000000
1320.000000
1385.000000
1363.000000
1359.000000
1335.000000
1339.000000
1284.000000
1385.000000
1393.000000
1363.000000
1369.000000
1358.000000
1351.000000
1443.000000
1396.000000
1400.000000
1380.000000
1387.000000
1368.000000
1431.000000
1451.000000
1420.000000
1414.000000
1405.000000
1422.000000
1482.000000
1453.000000
1463.000000
1444.000000
1435.000000
1433.000000
