0.000000
0.000000
0.000000
1608.000000
0.000000
0.000000
1587.000000
0.000000
0.000000
0.000000
1552.000000
0.000000
0.000000
1541.000000
0.000000
0.000000
0.000000
1502.000000
0.000000
0.000000
1499.000000
0.000000
1450.000000
1432.000000
0.000000
1495.000000
0.000000
1436.000000
0.000000
1415.000000
1457.000000
0.000000
1426.000000
1397.000000
1424.000000
1370.000000
1429.000000
1411.000000
1387.000000
1383.000000
1354.000000
1360.000000
1405.000000
1388.000000
1367.000000
1350.000000
1325.000000
1311.000000
1376.000000
1357.000000
1332.000000
1315.000000
1300.000000
1273.000000
