1201.000000
1217.000000
1252.000000
1274.000000
1315.000000
1321.000000
1208.000000
1240.000000
1241.000000
1305.000000
1306.000000
1354.000000
1229.000000
1231.000000
1278.000000
1293.000000
1337.000000
1344.000000
1228.000000
1269.000000
1283.000000
1330.000000
1331.000000
1401.000000
1262.000000
1266.000000
1323.000000
1318.000000
1376.000000
1378.000000
1262.000000
1307.000000
1302.000000
1364.000000
1379.000000
1418.000000
1288.000000
1295.000000
1354.000000
1328.000000
1409.000000
1421.000000
1265.000000
1330.000000
1329.000000
1387.000000
1374.000000
1450.000000
1314.000000
1292.000000
1354.000000
1359.000000
1422.000000
0.000000
