1291.000000
1345.000000
1331.000000
1378.000000
1365.000000
1413.000000
1348.000000
1352.000000
1391.000000
1375.000000
1422.000000
1409.000000
1355.000000
1405.000000
1397.000000
1433.000000
1415.000000
1472.000000
1415.000000
1404.000000
1448.000000
1432.000000
1485.000000
1459.000000
1398.000000
1457.000000
1444.000000
1500.000000
1459.000000
1535.000000
1480.000000
1463.000000
1495.000000
1459.000000
1542.000000
1488.000000
1491.000000
1510.000000
1519.000000
1556.000000
1530.000000
1584.000000
1522.000000
1538.000000
1530.000000
0.000000
1602.000000
0.000000
1558.000000
0.000000
1605.000000
1553.000000
0.000000
0.000000
