1463.000000
1464.000000
1452.000000
1460.000000
1417.000000
1421.000000
1505.000000
1460.000000
1484.000000
1438.000000
1463.000000
0.000000
1496.000000
1513.000000
1465.000000
1498.000000
1442.000000
0.000000
1557.000000
1506.000000
1513.000000
1468.000000
1490.000000
0.000000
1544.000000
1564.000000
1511.000000
1534.000000
0.000000
1494.000000
1598.000000
1545.000000
1567.000000
0.000000
0.000000
0.000000
1577.000000
1602.000000
1556.000000
1561.000000
0.000000
0.000000
1648.000000
1597.000000
1620.000000
0.000000
0.000000
0.000000
1637.000000
1655.000000
0.000000
0.000000
0.000000
0.000000
