1401.000000
1369.000000
1333.000000
1304.000000
1271.000000
1238.000000
1407.000000
1368.000000
1333.000000
1302.000000
1274.000000
1242.000000
1406.000000
1367.000000
1332.000000
1278.000000
1271.000000
1238.000000
1317.000000
1350.000000
1321.000000
1292.000000
1235.000000
1239.000000
1366.000000
1340.000000
1315.000000
1256.000000
1244.000000
1233.000000
0.000000
0.000000
0.000000
1273.000000
1252.000000
1213.000000
0.000000
0.000000
0.000000
0.000000
1244.000000
0.000000
0.000000
0.000000
0.000000
0.000000
0.000000
0.000000
0.000000
0.000000
0.000000
0.000000
1179.000000
0.000000
