1377.000000
1375.000000
1357.000000
1341.000000
1350.000000
1317.000000
1362.000000
1340.000000
1329.000000
1316.000000
1301.000000
1301.000000
1327.000000
1305.000000
1288.000000
1286.000000
1262.000000
1254.000000
1295.000000
1273.000000
1264.000000
1254.000000
1238.000000
1228.000000
1258.000000
1246.000000
1230.000000
1222.000000
1199.000000
1200.000000
1229.000000
1212.000000
1203.000000
1185.000000
1180.000000
1164.000000
1200.000000
1190.000000
1173.000000
1162.000000
1150.000000
1141.000000
1171.000000
1155.000000
1145.000000
1133.000000
1126.000000
1111.000000
1140.000000
1133.000000
1118.000000
1108.000000
1097.000000
1088.000000
