1324.000000
1246.000000
1267.000000
1217.000000
1210.000000
1163.000000
1331.000000
1324.000000
1273.000000
1258.000000
1206.000000
1200.000000
1370.000000
1327.000000
1313.000000
1234.000000
1244.000000
1203.000000
1356.000000
1358.000000
1258.000000
1309.000000
1254.000000
1246.000000
1384.000000
1351.000000
1355.000000
1301.000000
1288.000000
1226.000000
1398.000000
1399.000000
1311.000000
1333.000000
1260.000000
1272.000000
1447.000000
1396.000000
1372.000000
1337.000000
1328.000000
1302.000000
1435.000000
1446.000000
1382.000000
1374.000000
1280.000000
1318.000000
1476.000000
0.000000
1422.000000
1380.000000
1379.000000
1339.000000
