1380.000000
1318.000000
1285.000000
1239.000000
1200.000000
1149.000000
1358.000000
1336.000000
1269.000000
1235.000000
1195.000000
1150.000000
1347.000000
1316.000000
1282.000000
1226.000000
1193.000000
1147.000000
1354.000000
1322.000000
1263.000000
1236.000000
1187.000000
1155.000000
1376.000000
1315.000000
1285.000000
1233.000000
1192.000000
1141.000000
1360.000000
1330.000000
1273.000000
1236.000000
1187.000000
1140.000000
1364.000000
1319.000000
1282.000000
1237.000000
1197.000000
1150.000000
1375.000000
1327.000000
1282.000000
1244.000000
1199.000000
1155.000000
1376.000000
1322.000000
1279.000000
1230.000000
1201.000000
1098.000000
