1322.000000
1353.000000
1408.000000
1456.000000
1474.000000
1528.000000
1339.000000
1385.000000
1425.000000
1460.000000
1516.000000
1530.000000
1374.000000
1409.000000
1439.000000
1490.000000
1516.000000
1570.000000
1392.000000
1417.000000
1473.000000
1494.000000
1549.000000
1570.000000
1393.000000
1454.000000
1471.000000
1533.000000
1523.000000
1601.000000
1431.000000
1440.000000
1510.000000
1516.000000
1589.000000
1577.000000
1414.000000
1493.000000
1508.000000
1577.000000
1562.000000
1649.000000
1476.000000
1478.000000
1556.000000
1556.000000
1633.000000
0.000000
1445.000000
1535.000000
1519.000000
1622.000000
1609.000000
1699.000000
