1368.000000
1349.000000
1336.000000
1313.000000
1293.000000
1251.000000
1371.000000
1354.000000
1339.000000
1323.000000
1297.000000
1261.000000
1370.000000
1360.000000
1345.000000
1331.000000
1311.000000
1285.000000
1378.000000
1368.000000
1350.000000
1334.000000
1310.000000
1294.000000
1382.000000
1372.000000
1354.000000
1344.000000
1315.000000
1302.000000
1392.000000
1371.000000
1356.000000
1352.000000
1340.000000
1322.000000
1400.000000
1362.000000
1377.000000
1336.000000
1350.000000
1313.000000
1374.000000
1389.000000
1366.000000
1360.000000
1339.000000
1327.000000
1421.000000
1394.000000
1389.000000
1337.000000
1379.000000
1319.000000
