1283.000000
1253.000000
1217.000000
1192.000000
1154.000000
1122.000000
1309.000000
1262.000000
1238.000000
1206.000000
1180.000000
1142.000000
1315.000000
1286.000000
1252.000000
1226.000000
1198.000000
1169.000000
1340.000000
1297.000000
1271.000000
1245.000000
1217.000000
1189.000000
1349.000000
1332.000000
1289.000000
1264.000000
1237.000000
1210.000000
1378.000000
1340.000000
1316.000000
1276.000000
1253.000000
1226.000000
1392.000000
1369.000000
1329.000000
1307.000000
1280.000000
1246.000000
1422.000000
1380.000000
1357.000000
1325.000000
1293.000000
1262.000000
1433.000000
1408.000000
1373.000000
1347.000000
1316.000000
1285.000000
