1282.000000
0.000000
1360.000000
1425.000000
1436.000000
1512.000000
1285.000000
1335.000000
1359.000000
1401.000000
1469.000000
1479.000000
0.000000
0.000000
1349.000000
1394.000000
1431.000000
1490.000000
0.000000
1291.000000
1328.000000
1377.000000
1429.000000
1455.000000
1268.000000
1264.000000
1340.000000
1375.000000
1427.000000
1464.000000
1231.000000
1263.000000
1328.000000
1365.000000
1420.000000
1453.000000
1246.000000
1274.000000
1327.000000
1370.000000
1415.000000
1452.000000
1227.000000
1275.000000
1317.000000
1362.000000
1405.000000
1439.000000
1248.000000
1265.000000
1307.000000
1355.000000
1380.000000
1434.000000
