0.000000
0.000000
0.000000
0.000000
0.000000
1674.000000
0.000000
0.000000
0.000000
0.000000
1613.000000
0.000000
0.000000
0.000000
0.000000
0.000000
1613.000000
1607.000000
0.000000
0.000000
0.000000
0.000000
1557.000000
1595.000000
0.000000
0.000000
0.000000
0.000000
1552.000000
1560.000000
0.000000
0.000000
1470.000000
0.000000
1521.000000
1541.000000
0.000000
0.000000
0.000000
1458.000000
1501.000000
1512.000000
0.000000
0.000000
0.000000
1436.000000
1452.000000
1500.000000
0.000000
1341.000000
0.000000
1407.000000
1433.000000
1471.000000
