0.000000
1487.000000
1495.000000
1436.000000
1449.000000
1423.000000
1475.000000
1467.000000
1434.000000
1434.000000
1412.000000
1389.000000
1457.000000
1434.000000
1441.000000
1401.000000
1388.000000
1379.000000
1429.000000
1438.000000
1397.000000
1398.000000
1365.000000
1355.000000
1412.000000
1398.000000
1381.000000
1363.000000
1335.000000
1333.000000
1393.000000
1376.000000
1357.000000
1345.000000
1333.000000
1312.000000
1373.000000
1350.000000
1336.000000
1316.000000
1308.000000
1290.000000
1356.000000
1323.000000
1318.000000
1309.000000
1288.000000
1265.000000
1327.000000
1314.000000
1299.000000
1285.000000
1266.000000
1241.000000
