1320.000000
1354.000000
1369.000000
1401.000000
1417.000000
1434.000000
1333.000000
1362.000000
1393.000000
1409.000000
1447.000000
1458.000000
1338.000000
1371.000000
1404.000000
1434.000000
1459.000000
1484.000000
1346.000000
1398.000000
1426.000000
1455.000000
1482.000000
1515.000000
0.000000
1383.000000
0.000000
1478.000000
1493.000000
1536.000000
0.000000
0.000000
1438.000000
0.000000
1505.000000
0.000000
0.000000
0.000000
0.000000
0.000000
0.000000
1567.000000
0.000000
0.000000
0.000000
0.000000
0.000000
0.000000
0.000000
0.000000
0.000000
0.000000
0.000000
0.000000
