0.000000
0.000000
0.000000
0.000000
0.000000
1552.000000
0.000000
0.000000
0.000000
0.000000
0.000000
0.000000
0.000000
0.000000
0.000000
0.000000
0.000000
1542.000000
0.000000
0.000000
0.000000
0.000000
1525.000000
0.000000
0.000000
0.000000
0.000000
0.000000
0.000000
1504.000000
0.000000
0.000000
0.000000
0.000000
1522.000000
1459.000000
0.000000
0.000000
0.000000
0.000000
0.000000
0.000000
0.000000
0.000000
1561.000000
0.000000
0.000000
1429.000000
0.000000
0.000000
0.000000
0.000000
1491.000000
1443.000000
