1221.000000
0.000000
1329.000000
0.000000
1430.000000
0.000000
1219.000000
1263.000000
0.000000
1376.000000
1344.000000
1467.000000
1249.000000
1266.000000
1331.000000
1351.000000
1412.000000
1423.000000
1251.000000
1296.000000
1317.000000
1370.000000
1393.000000
1453.000000
1258.000000
1295.000000
1339.000000
1357.000000
1418.000000
1425.000000
1251.000000
1294.000000
1318.000000
1370.000000
1391.000000
1441.000000
1252.000000
1284.000000
1323.000000
1346.000000
1387.000000
1405.000000
1255.000000
1280.000000
1316.000000
1340.000000
1363.000000
1403.000000
1240.000000
1277.000000
1307.000000
1335.000000
1374.000000
1385.000000
