1513.000000
1513.000000
1567.000000
1573.000000
1587.000000
1594.000000
1483.000000
1524.000000
1514.000000
1544.000000
1562.000000
1593.000000
1461.000000
1470.000000
1515.000000
1508.000000
1552.000000
1546.000000
1427.000000
1458.000000
1467.000000
1505.000000
1489.000000
1544.000000
1416.000000
1416.000000
1454.000000
1444.000000
1469.000000
0.000000
1360.000000
1379.000000
0.000000
1421.000000
0.000000
0.000000
1343.000000
1337.000000
1373.000000
0.000000
0.000000
0.000000
1300.000000
1323.000000
1317.000000
0.000000
0.000000
0.000000
1269.000000
1281.000000
1314.000000
0.000000
0.000000
0.000000
