1504.000000
1433.000000
1423.000000
1352.000000
1345.000000
1277.000000
1477.000000
1450.000000
1393.000000
1400.000000
1328.000000
1320.000000
1503.000000
1463.000000
1422.000000
1370.000000
1346.000000
1281.000000
1506.000000
1482.000000
1408.000000
1352.000000
0.000000
1307.000000
1523.000000
1465.000000
1427.000000
1362.000000
1340.000000
0.000000
1537.000000
1502.000000
0.000000
1392.000000
0.000000
1347.000000
1535.000000
1496.000000
1437.000000
0.000000
1389.000000
0.000000
1534.000000
1511.000000
1471.000000
1422.000000
1373.000000
1365.000000
1564.000000
1482.000000
0.000000
0.000000
0.000000
0.000000
