1547.000000
1504.000000
1454.000000
1419.000000
1379.000000
1336.000000
1546.000000
1518.000000
1462.000000
1435.000000
1389.000000
1349.000000
1571.000000
1507.000000
1485.000000
1424.000000
1402.000000
1358.000000
1559.000000
1540.000000
1492.000000
1454.000000
1409.000000
1373.000000
1592.000000
1533.000000
1505.000000
1459.000000
1421.000000
1381.000000
1571.000000
1562.000000
1509.000000
1477.000000
1437.000000
1395.000000
1626.000000
1563.000000
1536.000000
1485.000000
1452.000000
1402.000000
0.000000
1589.000000
1530.000000
1510.000000
1459.000000
1425.000000
1652.000000
1599.000000
1566.000000
1505.000000
1475.000000
1422.000000
