1387.000000
1340.000000
1291.000000
1252.000000
1202.000000
1160.000000
1392.000000
1347.000000
1305.000000
1257.000000
1214.000000
1168.000000
1412.000000
1355.000000
1312.000000
1273.000000
1222.000000
1183.000000
1413.000000
1377.000000
1325.000000
1283.000000
1237.000000
1190.000000
1442.000000
1388.000000
1341.000000
1294.000000
1252.000000
1205.000000
1447.000000
1404.000000
1346.000000
1302.000000
1257.000000
1212.000000
1453.000000
1390.000000
1367.000000
1316.000000
1254.000000
1221.000000
0.000000
1419.000000
1357.000000
1305.000000
1268.000000
1217.000000
1431.000000
0.000000
1352.000000
1302.000000
1268.000000
1211.000000
