1307.000000
1319.000000
1332.000000
1346.000000
1364.000000
1340.000000
1325.000000
1338.000000
1353.000000
1366.000000
1382.000000
1389.000000
1342.000000
1357.000000
1369.000000
1386.000000
1403.000000
1412.000000
1363.000000
1379.000000
1377.000000
1405.000000
1428.000000
1438.000000
1383.000000
1386.000000
1408.000000
1418.000000
1432.000000
1458.000000
1396.000000
1410.000000
1429.000000
1426.000000
0.000000
1463.000000
1421.000000
1424.000000
0.000000
0.000000
0.000000
1503.000000
1443.000000
1465.000000
0.000000
0.000000
0.000000
0.000000
0.000000
1471.000000
0.000000
1502.000000
0.000000
0.000000
