544.311123
552.253411
560.195699
568.137986
576.080274
584.022561
553.367704
561.309992
569.252279
577.194567
585.136854
593.079142
562.424285
570.366572
578.308860
586.251148
594.193435
602.135723
571.480866
579.423153
587.365441
595.307728
603.250016
611.192303
580.537446
588.479734
596.422021
604.364309
612.306597
620.248884
589.594027
597.536315
605.478602
613.420890
621.363177
629.305465
598.650608
606.592895
614.535183
622.477471
630.419758
638.362046
607.707189
615.649476
623.591764
631.534051
639.476339
647.418626
616.763769
624.706057
632.648344
640.590632
648.532920
656.475207
