565.336578
561.359735
558.474762
556.698631
556.041970
556.508741
548.766519
544.668706
541.694845
539.863513
539.186349
539.667699
532.854519
528.633375
525.568789
523.681066
522.982949
523.479199
517.661265
513.315197
510.158601
508.213641
507.494248
508.005628
503.251857
498.780250
495.531073
493.528471
492.787640
493.314266
489.695495
485.098943
481.757502
479.697402
478.935178
479.477018
477.064905
472.345457
468.913145
466.796362
466.013037
466.569885
465.435463
460.596870
457.076343
454.904485
454.100646
454.672084
454.883959
449.931910
446.327268
444.102845
443.279419
443.864788
