580.416007
566.720865
553.025723
539.330581
525.635439
511.940297
568.987729
555.292587
541.597445
527.902303
514.207161
500.512019
557.559451
543.864309
530.169167
516.474025
502.778883
489.083741
546.131173
532.436030
518.740888
505.045746
491.350604
477.655462
534.702894
521.007752
507.312610
493.617468
479.922326
466.227184
523.274616
509.579474
495.884332
482.189190
468.494048
454.798906
511.846338
498.151196
484.456054
470.760912
457.065770
443.370628
500.418059
486.722917
473.027775
459.332633
445.637491
431.942349
488.989781
475.294639
461.599497
447.904355
434.209213
420.514071
