517.936274
503.225791
488.515308
473.804825
459.094342
444.383859
527.808762
513.098279
498.387796
483.677313
468.966830
454.256347
537.681250
522.970767
508.260284
493.549800
478.839317
464.128834
547.553737
532.843254
518.132771
503.422288
488.711805
474.001322
557.426225
542.715742
528.005259
513.294776
498.584293
483.873810
567.298712
552.588229
537.877746
523.167263
508.456780
493.746297
577.171200
562.460717
547.750234
533.039751
518.329268
503.618785
587.043688
572.333205
557.622722
542.912239
528.201756
513.491272
596.916175
582.205692
567.495209
552.784726
538.074243
523.363760
