534.700161
526.702197
519.784712
513.991332
509.360414
505.923881
530.806080
522.748541
515.778033
509.939135
505.271080
501.806543
528.068109
519.968143
512.959854
507.088508
502.393966
498.909450
526.504283
518.379883
511.349826
505.459778
500.749967
497.253931
526.125074
517.994725
510.959370
505.064768
500.351239
496.852397
526.933038
518.815351
511.791276
505.906368
501.200753
497.707884
528.922734
520.836060
513.839609
507.978430
503.292189
499.813936
532.080907
524.042970
517.089911
511.265996
506.610166
503.154850
536.386917
528.414484
521.519711
515.745820
511.130799
507.706250
