575.416240
578.190574
582.026487
586.903162
592.794916
599.671830
579.795323
582.548802
586.356204
591.197166
597.046547
603.875045
585.210546
587.938665
591.711386
596.508890
602.306688
609.076216
591.633459
594.332096
598.064488
602.811432
608.549187
615.250034
599.031649
601.697106
605.384091
610.074085
615.744167
622.367553
607.369478
609.998503
613.635612
618.263015
623.858675
630.396809
616.608830
619.198628
622.782010
627.341950
632.857340
639.303452
626.709834
629.258061
632.784480
637.272853
642.703026
649.051362
637.631542
640.136293
643.603111
648.016555
653.357442
659.603242
