491.653228
499.826794
509.097977
519.408007
530.696339
542.901953
498.789221
506.847723
515.992772
526.167718
537.314056
549.372661
507.058653
514.987771
523.990774
534.013350
544.999252
556.891472
516.407076
524.194806
533.042326
542.897825
553.707481
565.416574
526.777048
534.413683
543.094754
552.771054
563.391307
574.903202
538.109513
545.587550
554.093586
563.581075
574.001355
585.304606
550.345018
557.659004
565.983650
575.275081
585.487272
596.572940
563.424732
570.571078
578.710016
587.800314
597.798575
608.660055
577.291277
584.268043
592.218771
601.104816
610.885362
621.518184
