597.863206
588.922413
580.920651
573.897202
567.888364
562.926628
586.865064
577.754099
569.595465
562.430608
556.297928
551.231875
576.741532
567.468052
559.159356
551.859022
545.607529
540.441274
567.539413
558.113053
549.662966
542.234793
535.871035
530.609990
559.304189
549.736638
541.155769
533.609184
527.141306
521.792250
552.079131
542.384146
533.685073
526.031323
519.469102
514.040215
545.904348
536.097708
527.294935
519.547056
512.901880
507.402733
540.815818
530.915195
522.025037
514.197758
507.482541
501.924023
536.844428
526.869182
517.909577
510.019142
503.248170
497.642357
