575.065569
561.140928
548.003535
535.711310
524.323698
513.900840
561.472040
547.201594
533.721198
521.092171
509.377839
498.642674
548.681415
534.069310
520.248749
507.284430
495.243603
484.195166
536.751095
521.805012
507.650671
494.356083
481.992396
470.632980
525.739651
510.471266
495.993595
482.377839
469.698959
458.034764
515.705947
500.131340
485.345330
471.422128
458.440351
446.482125
506.708069
490.848042
475.773615
461.561768
448.294544
436.058174
498.802075
482.682342
467.344601
452.868313
439.338641
426.845610
492.040601
475.691797
460.121092
445.410094
431.646713
418.924358
