514.008628
518.175602
523.504574
529.960492
537.502751
546.086341
501.731411
505.999499
511.455353
518.061446
525.774425
534.546378
490.422214
494.787866
500.365983
507.116556
514.993481
523.945961
480.149443
484.607647
490.301597
497.188837
505.220570
514.343182
470.980919
475.525089
481.326495
488.340331
496.515220
505.794867
462.982251
467.604159
473.502623
480.630646
488.934456
498.355282
456.214976
460.904750
466.887859
474.115342
482.531285
492.074716
450.734560
455.480765
461.534194
468.844213
477.353098
486.998013
446.588381
451.378186
457.485902
464.859586
473.440091
483.163123
