479.358797
464.831970
450.305144
435.778318
421.251491
406.724665
489.321014
474.794188
460.267362
445.740535
431.213709
416.686883
499.283232
484.756406
470.229579
455.702753
441.175927
426.649101
509.245450
494.718624
480.191797
465.664971
451.138145
436.611318
519.207668
504.680841
490.154015
475.627189
461.100362
446.573536
529.169885
514.643059
500.116233
485.589406
471.062580
456.535754
539.132103
524.605277
510.078450
495.551624
481.024798
466.497971
549.094321
534.567494
520.040668
505.513842
490.987016
476.460189
559.056539
544.529712
530.002886
515.476060
500.949233
486.422407
