612.669650
612.871692
614.092274
616.325345
619.559958
623.780532
594.579832
594.788019
596.045634
598.346060
601.677337
606.022465
577.006286
577.220810
578.516615
580.886464
584.317289
588.790544
559.997616
560.218654
561.553693
563.994824
567.527771
572.132311
543.606849
543.834549
545.209709
547.723687
551.360905
556.099324
527.891545
528.126020
529.541975
532.129979
535.873049
540.747200
512.913794
513.155113
514.612262
517.274966
521.124746
526.135545
498.740049
498.988223
500.486620
503.224073
507.180518
512.327715
485.440741
485.695710
487.234988
490.046471
494.108444
499.390393
