562.496452
570.250227
578.980470
588.643736
599.194886
610.587892
554.463410
562.327962
571.179306
580.972343
591.660313
603.195647
547.455102
555.418897
564.378609
574.287626
585.097719
596.759922
541.511314
549.561249
558.614921
568.624386
579.540124
591.311947
536.667419
544.788933
553.920612
564.013393
575.016670
586.879233
532.953406
541.130665
550.323050
560.480618
571.551910
583.484917
530.393013
538.609145
547.843841
558.046537
569.165179
581.147196
529.002990
537.240380
546.498206
556.725563
567.870069
579.878848
528.792566
537.033184
546.294522
556.525622
567.674053
579.686893
