479.360918
478.418668
478.781739
480.447172
483.401507
487.621316
490.258877
489.337612
489.692587
491.321037
494.210373
498.338665
502.165952
501.266570
501.613104
503.202979
506.024475
510.057155
515.012155
514.135246
514.473112
516.023366
518.775140
522.709459
528.729039
527.874917
528.203994
529.714066
532.395082
536.229479
543.250654
542.419399
542.739658
544.209397
546.819348
550.553296
558.514234
557.705730
558.017215
559.446820
561.986011
565.619844
574.460639
573.674610
573.977429
575.367379
577.836614
581.371383
591.034604
590.270645
590.564955
591.915955
594.316439
597.753763
