569.310796
572.289939
576.339106
581.435943
587.553186
594.659346
566.455419
569.449500
573.518722
578.640402
584.786889
591.926260
564.693458
567.696831
571.778526
576.915656
583.080325
590.240337
564.035159
567.042019
571.128394
576.271319
582.442808
589.610562
564.484384
567.488864
571.572044
576.711013
582.877846
590.040316
566.038495
569.034770
573.106936
578.232264
584.383044
591.527289
568.688436
571.670822
575.724343
580.826575
586.950169
594.063542
572.418987
575.382036
579.409595
584.479657
590.565373
597.635718
577.209196
580.147780
584.142480
589.171816
595.209559
602.225382
