557.547202
550.595375
543.643549
536.691722
529.739896
522.788069
554.589509
547.637682
540.685856
533.734029
526.782203
519.830376
551.631816
544.679989
537.728163
530.776336
523.824510
516.872683
548.674123
541.722296
534.770470
527.818643
520.866817
513.914990
545.716430
538.764603
531.812777
524.860950
517.909124
510.957297
542.758737
535.806910
528.855084
521.903257
514.951431
507.999604
539.801044
532.849217
525.897391
518.945564
511.993738
505.041911
536.843351
529.891524
522.939698
515.987871
509.036045
502.084218
533.885658
526.933831
519.982005
513.030178
506.078352
499.126525
