523.324715
531.409747
540.531110
550.637305
561.675176
573.590938
527.461596
535.484170
544.537288
554.570482
565.531591
577.367770
532.740756
540.685004
549.652468
559.593957
570.458551
582.194572
539.128640
546.980120
555.846033
565.678685
576.428604
588.045489
546.586377
554.332237
563.082401
572.790845
583.409730
594.890305
555.070847
562.699926
571.321948
580.892700
591.366122
602.695157
564.535758
572.038621
580.521959
589.943477
600.259001
611.423282
574.932692
582.301607
590.637556
599.900228
610.047412
621.035753
586.212058
593.440931
601.622556
610.718644
620.688990
631.492189
