575.928756
570.264428
564.600101
558.935773
553.271445
547.607118
569.146017
563.481690
557.817362
552.153034
546.488707
540.824379
562.363278
556.698951
551.034623
545.370295
539.705968
534.041640
555.580540
549.916212
544.251884
538.587557
532.923229
527.258901
548.797801
543.133473
537.469146
531.804818
526.140490
520.476163
542.015062
536.350734
530.686407
525.022079
519.357751
513.693424
535.232323
529.567996
523.903668
518.239340
512.575013
506.910685
528.449584
522.785257
517.120929
511.456601
505.792274
500.127946
521.666846
516.002518
510.338190
504.673863
499.009535
493.345207
