573.930848
560.842413
547.753979
534.665545
521.577111
508.488677
559.873904
546.785470
533.697036
520.608602
507.520168
494.431734
545.816961
532.728527
519.640093
506.551658
493.463224
480.374790
531.760017
518.671583
505.583149
492.494715
479.406281
466.317847
517.703074
504.614640
491.526206
478.437772
465.349337
452.260903
503.646130
490.557696
477.469262
464.380828
451.292394
438.203960
489.589187
476.500753
463.412319
450.323885
437.235451
424.147016
475.532244
462.443809
449.355375
436.266941
423.178507
410.090073
461.475300
448.386866
435.298432
422.209998
409.121564
396.033130
