585.541552
592.004807
599.441801
607.816794
617.091596
627.226290
573.142850
579.744347
587.336607
595.881760
605.339454
615.667635
561.583959
568.319739
576.062590
584.772511
594.406991
604.921857
550.917744
557.782343
565.669448
574.536950
584.340216
595.033000
541.196986
548.183327
556.206564
565.222543
575.184584
586.044442
532.473468
539.572772
547.722155
556.875516
566.984235
577.998188
524.796924
531.998678
540.262321
549.539951
559.781154
570.934078
518.213883
525.505862
533.870015
543.256822
553.614267
564.888962
512.766463
520.134817
528.583967
538.063000
548.518527
559.895844
