522.654706
507.848866
493.865367
480.775967
468.655588
457.581238
529.918329
515.321225
501.546104
488.662485
476.742649
465.860583
538.246160
523.881149
510.337132
497.681140
485.982558
475.312083
547.589648
533.476290
520.182162
507.771613
496.310931
485.867338
557.897765
544.051877
531.022575
518.871376
507.661338
497.456092
569.118098
555.551923
542.798737
530.917129
519.966853
510.007899
581.197817
567.920270
555.451134
543.846019
533.161347
523.453485
594.084503
581.101477
568.921309
557.596615
547.180514
537.725808
607.726822
595.041528
583.152595
572.109674
561.962640
552.760833
