590.078136
580.798063
572.460105
565.105968
558.774497
553.500787
577.379405
567.891856
559.361550
551.832879
545.347329
539.942490
565.501325
555.811058
547.092419
539.392526
532.755554
527.221645
554.496637
544.610598
535.709703
527.843792
521.059739
515.400266
544.418305
534.345838
525.271032
517.246401
510.321490
504.541580
535.318655
525.071657
515.833721
507.659936
500.602431
494.708982
527.248360
516.841384
507.453642
499.142647
491.962971
485.964760
520.255326
509.705589
500.183937
491.750092
484.460872
478.368602
514.383491
503.710789
494.073620
485.533649
478.149670
471.975942
