488.805891
491.630879
495.702173
500.989388
507.454520
515.053214
468.248494
471.196748
475.443054
480.953034
487.683856
495.585781
448.142953
451.222593
455.655080
461.401425
468.413276
476.634787
428.552867
431.772258
436.402343
442.398834
449.707072
458.264306
409.552210
412.919769
417.758853
424.019082
431.638627
440.546964
391.226874
394.750794
399.809845
406.346694
414.291393
423.564731
373.676224
377.364073
382.653062
389.477970
397.759741
407.409542
357.014529
360.872688
366.399809
373.521810
382.149533
392.183616
341.371978
345.404908
351.175559
358.600051
367.578181
377.999262
