524.257948
520.315391
516.372835
512.430278
508.487722
504.545165
518.143335
514.200778
510.258221
506.315665
502.373108
498.430551
512.028721
508.086164
504.143608
500.201051
496.258495
492.315938
505.914108
501.971551
498.028994
494.086438
490.143881
486.201324
499.799494
495.856937
491.914381
487.971824
484.029268
480.086711
493.684881
489.742324
485.799767
481.857211
477.914654
473.972097
487.570267
483.627710
479.685154
475.742597
471.800041
467.857484
481.455654
477.513097
473.570540
469.627984
465.685427
461.742870
475.341040
471.398483
467.455927
463.513370
459.570814
455.628257
