538.168898
535.831622
533.494346
531.157069
528.819793
526.482517
539.607968
537.270692
534.933416
532.596139
530.258863
527.921587
541.047038
538.709762
536.372486
534.035209
531.697933
529.360657
542.486108
540.148832
537.811556
535.474279
533.137003
530.799727
543.925178
541.587902
539.250625
536.913349
534.576073
532.238797
545.364248
543.026972
540.689695
538.352419
536.015143
533.677867
546.803318
544.466042
542.128765
539.791489
537.454213
535.116936
548.242388
545.905112
543.567835
541.230559
538.893283
536.556006
549.681458
547.344182
545.006905
542.669629
540.332353
537.995076
