547.627365
541.259213
535.982595
531.829999
528.827905
526.995976
549.690330
543.346358
538.090206
533.954002
530.963917
529.139383
552.877190
546.570208
541.345360
537.234217
534.262491
532.449261
557.168660
550.910811
545.727521
541.649640
538.702272
536.904036
562.539460
556.342026
551.209810
547.172789
544.255332
542.475504
568.959025
562.832282
557.759790
553.770520
550.888006
549.129675
576.392315
570.345427
565.340350
561.404950
558.561835
556.827737
584.800674
578.841632
573.910655
570.034425
567.234565
565.527061
594.142708
588.278304
583.427089
579.614505
576.861144
575.182219
