468.484566
468.121214
467.757861
467.394508
467.031155
466.667803
483.342599
482.979246
482.615893
482.252541
481.889188
481.525835
498.200631
497.837279
497.473926
497.110573
496.747220
496.383867
513.058664
512.695311
512.331958
511.968606
511.605253
511.241900
527.916696
527.553344
527.189991
526.826638
526.463285
526.099932
542.774729
542.411376
542.048023
541.684671
541.321318
540.957965
557.632761
557.269409
556.906056
556.542703
556.179350
555.815997
572.490794
572.127441
571.764088
571.400735
571.037383
570.674030
587.348826
586.985474
586.622121
586.258768
585.895415
585.532062
