1729.000000
1739.000000
1745.000000
1754.000000
1757.000000
1764.000000
1739.000000
1746.000000
1749.000000
1763.000000
1770.000000
1772.000000
1752.000000
1761.000000
1767.000000
1779.000000
1772.000000
1787.000000
1768.000000
1771.000000
1785.000000
1793.000000
1796.000000
1799.000000
1782.000000
1786.000000
1794.000000
1804.000000
1809.000000
1807.000000
1796.000000
1801.000000
1816.000000
1815.000000
1816.000000
1815.000000
1803.000000
1821.000000
1821.000000
1830.000000
1832.000000
1842.000000
1820.000000
1831.000000
1840.000000
1838.000000
1844.000000
1852.000000
1843.000000
1852.000000
1842.000000
1853.000000
1846.000000
1876.000000
