1593.000000
1627.000000
1674.000000
1707.000000
1751.000000
1789.000000
1587.000000
1624.000000
1664.000000
1703.000000
1737.000000
1782.000000
1585.000000
1621.000000
1661.000000
1701.000000
1740.000000
1779.000000
1579.000000
1616.000000
1653.000000
1694.000000
1733.000000
1772.000000
1572.000000
1609.000000
1651.000000
1689.000000
1727.000000
1764.000000
1563.000000
1602.000000
1642.000000
1682.000000
1722.000000
1762.000000
1558.000000
1601.000000
1639.000000
1680.000000
1719.000000
1754.000000
1548.000000
1589.000000
1628.000000
1669.000000
1711.000000
1750.000000
1542.000000
1586.000000
1626.000000
1669.000000
1711.000000
1748.000000
