1730.000000
1747.000000
1759.000000
1773.000000
1793.000000
1798.000000
1685.000000
1704.000000
1718.000000
1737.000000
1739.000000
1764.000000
1643.000000
1655.000000
1673.000000
1689.000000
1707.000000
1715.000000
1594.000000
1612.000000
1628.000000
1647.000000
1657.000000
1672.000000
1556.000000
1563.000000
1586.000000
1594.000000
1613.000000
1624.000000
1504.000000
1519.000000
1525.000000
1546.000000
1561.000000
1577.000000
1458.000000
1468.000000
1487.000000
1495.000000
1516.000000
1524.000000
1409.000000
1419.000000
1438.000000
1453.000000
1465.000000
1482.000000
1367.000000
1377.000000
1393.000000
1406.000000
1425.000000
1436.000000
