1405.000000
1432.000000
1461.000000
1489.000000
1514.000000
1547.000000
1404.000000
1430.000000
1457.000000
1487.000000
1519.000000
1548.000000
1404.000000
1428.000000
1457.000000
1488.000000
1518.000000
1548.000000
1402.000000
1430.000000
1458.000000
1486.000000
1516.000000
1552.000000
1403.000000
1434.000000
1458.000000
1490.000000
1518.000000
1553.000000
1401.000000
1430.000000
1460.000000
1487.000000
1521.000000
1552.000000
1399.000000
1427.000000
1464.000000
1491.000000
1529.000000
1555.000000
1400.000000
1432.000000
1462.000000
1488.000000
1517.000000
1553.000000
1402.000000
1431.000000
1458.000000
1490.000000
1514.000000
1553.000000
