1485.000000
1521.000000
1565.000000
1605.000000
1638.000000
1685.000000
1479.000000
1522.000000
1564.000000
1607.000000
1645.000000
1686.000000
1480.000000
1518.000000
1562.000000
1598.000000
1645.000000
1680.000000
1476.000000
1516.000000
1559.000000
1600.000000
1644.000000
1689.000000
1473.000000
1517.000000
1549.000000
1595.000000
1638.000000
1680.000000
1473.000000
1512.000000
1555.000000
1594.000000
1635.000000
1675.000000
1469.000000
1506.000000
1547.000000
1589.000000
1628.000000
1672.000000
1467.000000
1505.000000
1547.000000
1590.000000
1630.000000
1672.000000
1464.000000
1504.000000
1541.000000
1584.000000
1622.000000
1664.000000
