1620.000000
1626.000000
1627.000000
1630.000000
1630.000000
1631.000000
1625.000000
1632.000000
1638.000000
1635.000000
1638.000000
1636.000000
1633.000000
1637.000000
1642.000000
1641.000000
1640.000000
1650.000000
1637.000000
1642.000000
1648.000000
1648.000000
1644.000000
1652.000000
1645.000000
1644.000000
1644.000000
1654.000000
1653.000000
1658.000000
1645.000000
1650.000000
1654.000000
1657.000000
1652.000000
1659.000000
1649.000000
1657.000000
1658.000000
1667.000000
1666.000000
1670.000000
1654.000000
1661.000000
1663.000000
1664.000000
1662.000000
1671.000000
1662.000000
1664.000000
1669.000000
1674.000000
1673.000000
1676.000000
