1427.000000
1408.000000
1389.000000
1364.000000
1346.000000
1327.000000
1464.000000
1442.000000
1415.000000
1401.000000
1377.000000
1362.000000
1500.000000
1477.000000
1450.000000
1436.000000
1419.000000
1396.000000
1536.000000
1510.000000
1494.000000
1474.000000
1452.000000
1430.000000
1571.000000
1555.000000
1526.000000
1513.000000
1493.000000
1470.000000
1615.000000
1588.000000
1569.000000
1541.000000
1526.000000
1507.000000
1651.000000
1628.000000
1603.000000
1577.000000
1564.000000
1545.000000
1678.000000
1661.000000
1636.000000
1624.000000
1603.000000
1587.000000
1717.000000
1698.000000
1678.000000
1660.000000
1643.000000
1624.000000
