1611.000000
1607.000000
1605.000000
1599.000000
1597.000000
1596.000000
1614.000000
1610.000000
1610.000000
1605.000000
1606.000000
1607.000000
1615.000000
1615.000000
1612.000000
1611.000000
1614.000000
1609.000000
1618.000000
1620.000000
1615.000000
1616.000000
1614.000000
1618.000000
1623.000000
1622.000000
1616.000000
1619.000000
1617.000000
1619.000000
1621.000000
1621.000000
1618.000000
1618.000000
1620.000000
1623.000000
1625.000000
1623.000000
1621.000000
1618.000000
1616.000000
1621.000000
1629.000000
1629.000000
1628.000000
1626.000000
1626.000000
1622.000000
1629.000000
1632.000000
1623.000000
1629.000000
1622.000000
1623.000000
