1577.000000
1558.000000
1542.000000
1516.000000
1500.000000
1482.000000
1576.000000
1555.000000
1540.000000
1521.000000
1507.000000
1487.000000
1577.000000
1559.000000
1545.000000
1519.000000
1506.000000
1488.000000
1574.000000
1562.000000
1546.000000
1529.000000
1509.000000
1493.000000
1580.000000
1556.000000
1544.000000
1531.000000
1513.000000
1500.000000
1578.000000
1560.000000
1540.000000
1531.000000
1517.000000
1501.000000
1586.000000
1565.000000
1550.000000
1532.000000
1517.000000
1494.000000
1581.000000
1566.000000
1550.000000
1530.000000
1519.000000
1502.000000
1577.000000
1567.000000
1552.000000
1532.000000
1518.000000
1502.000000
