1442.000000
1399.000000
1353.000000
1311.000000
1273.000000
1230.000000
1439.000000
1399.000000
1353.000000
1309.000000
1272.000000
1230.000000
1442.000000
1391.000000
1347.000000
1306.000000
1270.000000
1229.000000
1443.000000
1394.000000
1348.000000
1309.000000
1265.000000
1227.000000
1440.000000
1395.000000
1348.000000
1305.000000
1261.000000
1224.000000
1435.000000
1393.000000
1345.000000
1304.000000
1261.000000
1225.000000
1431.000000
1384.000000
1342.000000
1298.000000
1259.000000
1220.000000
1422.000000
1383.000000
1338.000000
1298.000000
1255.000000
1218.000000
1419.000000
1374.000000
1333.000000
1294.000000
1252.000000
1215.000000
