1582.000000
1560.000000
1550.000000
1527.000000
1525.000000
1515.000000
1621.000000
1610.000000
1588.000000
1583.000000
1564.000000
1558.000000
1669.000000
1650.000000
1640.000000
1610.000000
1610.000000
1598.000000
1711.000000
1701.000000
1678.000000
1669.000000
1657.000000
1649.000000
1761.000000
1742.000000
1732.000000
1719.000000
1707.000000
1691.000000
1791.000000
1787.000000
1776.000000
1765.000000
1750.000000
1736.000000
1846.000000
1831.000000
1825.000000
1803.000000
1806.000000
1777.000000
1890.000000
1870.000000
1859.000000
1856.000000
1838.000000
1816.000000
1942.000000
1910.000000
1902.000000
1889.000000
1887.000000
1869.000000
