486.987403
477.265336
467.543270
457.821203
448.099136
438.377069
476.257756
466.535689
456.813622
447.091555
437.369489
427.647422
465.528108
455.806041
446.083975
436.361908
426.639841
416.917774
454.798460
445.076394
435.354327
425.632260
415.910194
406.188127
444.068813
434.346746
424.624679
414.902613
405.180546
395.458479
433.339165
423.617099
413.895032
404.172965
394.450898
384.728832
422.609518
412.887451
403.165384
393.443318
383.721251
373.999184
411.879870
402.157804
392.435737
382.713670
372.991603
363.269537
401.150223
391.428156
381.706089
371.984023
362.261956
352.539889
