527.096796
535.851844
545.612835
556.326821
567.939872
580.398023
520.234627
529.103235
538.986456
549.829580
561.577005
574.173231
514.496940
523.462766
533.450499
544.403895
556.265914
568.979731
509.921696
518.966571
529.039194
540.082064
552.036957
564.845969
506.540393
515.644584
525.780851
536.890743
548.915145
561.795339
504.377046
513.519592
523.696990
534.850170
546.919437
559.845548
503.447355
512.606482
522.801657
533.973537
546.062181
559.008114
503.758150
512.911727
523.100953
534.266575
546.348734
559.288035
505.307142
514.433158
524.592833
535.727363
547.777303
560.683637
