483.626575
493.590537
503.554499
513.518461
523.482424
533.446386
476.372128
486.336090
496.300052
506.264014
516.227977
526.191939
469.117681
479.081643
489.045605
499.009567
508.973530
518.937492
461.863234
471.827196
481.791158
491.755120
501.719082
511.683045
454.608787
464.572749
474.536711
484.500673
494.464635
504.428598
447.354340
457.318302
467.282264
477.246226
487.210188
497.174151
440.099893
450.063855
460.027817
469.991779
479.955741
489.919704
432.845446
442.809408
452.773370
462.737332
472.701294
482.665257
425.590999
435.554961
445.518923
455.482885
465.446847
475.410810
