627.956386
625.924502
624.886982
624.848782
625.810082
627.766292
614.901823
612.826656
611.766924
611.727904
612.709790
614.707692
602.602091
600.484420
599.402868
599.363043
600.365152
602.403996
591.104313
588.945301
587.842518
587.801910
588.823695
590.902363
580.456145
578.257378
577.134174
577.092812
578.133525
580.250490
570.705147
568.468666
567.326082
567.284005
568.342679
570.495977
561.898028
559.626351
558.465676
558.422932
559.498373
561.685578
554.079798
551.775934
550.598711
550.555355
551.646135
553.864349
547.292838
544.960283
543.768304
543.724404
544.828860
547.074717
