485.069409
478.913026
473.996880
470.359860
468.031787
467.032235
476.857329
470.593527
465.589544
461.886327
459.515325
458.497208
469.833474
463.474755
458.393068
454.631235
452.222197
451.187623
464.051802
457.612751
452.465231
448.653698
446.212390
445.163849
459.559197
453.056300
447.856413
444.005318
441.538308
440.478641
456.393730
449.845076
444.607634
440.728151
438.242694
437.175038
454.583125
448.008006
442.748833
438.852919
436.356781
435.284499
454.143589
447.562012
442.297536
438.397611
435.898866
434.825455
455.079092
448.511244
443.258041
439.366643
436.873439
435.802430
