542.868251
538.319497
534.901695
532.636617
531.538999
531.616074
552.808189
548.341897
544.986952
542.763964
541.686868
541.762499
563.682401
559.302951
556.014149
553.835423
552.779900
552.854014
575.437924
571.148620
567.928419
565.795573
564.762404
564.834945
588.021904
583.825061
580.675162
578.589307
577.579024
577.649955
601.382336
597.279379
594.200807
592.162597
591.175510
591.244811
615.468658
611.460229
608.453412
606.463104
605.499330
605.566991
630.232199
626.318263
623.383116
621.440626
620.500116
620.566142
645.626502
641.806452
638.942458
637.047413
636.129978
636.194382
