492.388893
489.894734
488.668476
488.719663
490.047894
492.642840
492.709211
490.216682
488.991232
489.042385
490.369741
492.962993
494.295368
491.810879
490.589410
490.640397
491.963442
494.548336
497.135249
494.665023
493.450620
493.501311
494.816706
497.386773
501.207543
498.757486
497.553072
497.603344
498.907925
501.457024
506.482523
504.058107
502.866388
502.916129
504.206964
506.729407
512.923084
510.529255
509.352676
509.401785
510.676225
513.166870
520.485961
518.127074
516.967788
517.016173
518.271890
520.726206
529.123029
526.802818
525.662666
525.710251
526.945250
529.359354
