539.198289
541.304506
544.551505
548.919042
554.380634
560.904324
532.597818
534.730034
538.016712
542.436867
547.963072
554.562261
527.101581
529.255940
532.576401
537.041336
542.622492
549.285847
522.744410
524.916652
528.264388
532.765462
538.390945
545.106029
519.554962
521.740483
525.108470
529.636364
535.294733
542.048175
517.554828
519.748759
523.129569
527.674444
533.353627
540.131340
516.757816
518.955117
522.341064
526.892740
532.580260
539.367691
517.169490
519.365050
522.748341
527.296502
532.979712
539.762121
518.786972
520.975715
524.348614
528.883013
534.549357
541.312098
