474.828493
481.774828
488.721163
495.667498
502.613834
509.560169
466.930342
473.876678
480.823013
487.769348
494.715683
501.662019
459.032192
465.978527
472.924863
479.871198
486.817533
493.763869
451.134042
458.080377
465.026712
471.973048
478.919383
485.865718
443.235892
450.182227
457.128562
464.074897
471.021233
477.967568
435.337741
442.284077
449.230412
456.176747
463.123083
470.069418
427.439591
434.385926
441.332262
448.278597
455.224932
462.171268
419.541441
426.487776
433.434111
440.380447
447.326782
454.273117
411.643291
418.589626
425.535961
432.482296
439.428632
446.374967
