490.056526
488.951547
489.123534
490.571144
493.283148
497.238856
490.666932
489.563331
489.735103
491.180911
493.889566
497.840456
492.547133
491.447754
491.618868
493.059152
495.757545
499.693666
495.682679
494.590270
494.760297
496.191462
498.872913
502.784646
500.049956
498.967108
499.135644
500.554300
503.212503
507.090761
505.617047
504.546147
504.712820
506.115844
508.744989
512.581389
512.344843
511.288035
511.452511
512.837096
515.431958
519.218952
520.188310
519.147469
519.309456
520.673148
523.229150
526.960112
529.097834
528.074554
528.233803
529.574515
532.087759
535.757034
