495.434900
501.407187
508.539668
516.784307
526.088820
536.398055
485.790972
491.880366
499.148997
507.546202
517.016996
527.503555
477.263026
483.459845
490.853184
499.389903
509.012477
519.660589
469.911825
476.204315
483.708565
492.369173
502.126308
512.917397
463.793328
470.167712
477.766788
486.533175
496.405033
507.317833
458.956837
465.397470
473.073178
481.924951
491.889301
502.900100
455.443198
461.932823
469.665156
478.579968
488.612538
499.695546
453.283172
459.803284
467.570836
476.524830
486.599774
497.727602
452.496145
459.027437
466.807899
475.776251
485.866718
497.010959
