509.962420
504.921160
501.077923
498.460422
497.088021
496.971033
493.806588
488.598664
484.626002
481.919153
480.499508
480.378481
478.412190
473.034810
468.930314
466.132327
464.664454
464.539301
463.855043
458.306893
454.069286
451.179148
449.662464
449.533135
450.216368
444.498015
440.127474
437.145171
435.579624
435.446112
437.582055
431.696378
427.194885
424.121654
422.507853
422.370209
426.041467
419.994094
415.365799
412.204385
410.543740
410.402084
415.685709
409.485429
404.736981
401.491883
399.786742
399.641273
406.605319
400.264404
395.405237
392.082911
390.336671
390.187678
