457.406506
451.559084
447.035236
443.875430
442.108915
441.752405
455.008725
449.130087
444.581523
441.404153
439.627707
439.269184
453.977058
448.084885
443.525602
440.340612
438.559859
438.200462
454.320809
448.433153
443.877447
440.695000
438.915685
438.556580
456.036869
450.171658
445.633725
442.463910
440.691737
440.334080
459.109850
453.284403
448.777947
445.630498
443.870967
443.515875
463.512765
457.743355
453.281231
450.165269
448.423532
448.072047
469.208176
463.509663
459.103586
456.027409
454.308148
453.961219
476.149704
470.535265
466.195593
463.166521
461.473858
461.132320
