573.422064
563.761056
555.058729
547.360810
540.710201
535.145948
562.178209
552.320562
543.435063
535.570100
528.771214
523.079976
551.838576
541.792837
532.731774
524.706401
517.764881
511.951303
542.454873
532.232049
523.005371
514.828401
507.751856
501.822291
534.077489
523.691158
514.311281
505.993832
498.791963
492.754591
526.754439
516.220790
506.702643
498.258199
490.942866
484.807758
520.530225
509.868002
500.228991
491.673376
484.258580
478.037694
515.444653
504.674999
494.934863
486.286113
478.787895
472.494987
511.531685
500.677870
490.858426
482.136556
474.572780
468.223224
