444.524984
440.872861
437.220738
433.568615
429.916493
426.264370
439.500843
435.848720
432.196597
428.544475
424.892352
421.240229
434.476702
430.824580
427.172457
423.520334
419.868211
416.216089
429.452562
425.800439
422.148316
418.496193
414.844071
411.191948
424.428421
420.776298
417.124176
413.472053
409.819930
406.167807
419.404281
415.752158
412.100035
408.447912
404.795789
401.143667
414.380140
410.728017
407.075894
403.423772
399.771649
396.119526
409.355999
405.703877
402.051754
398.399631
394.747508
391.095385
404.331859
400.679736
397.027613
393.375490
389.723368
386.071245
