480.899410
491.512919
502.126427
512.739936
523.353444
533.966953
485.859496
496.473004
507.086513
517.700021
528.313530
538.927038
490.819582
501.433090
512.046599
522.660107
533.273615
543.887124
495.779667
506.393176
517.006684
527.620193
538.233701
548.847209
500.739753
511.353261
521.966770
532.580278
543.193787
553.807295
505.699839
516.313347
526.926855
537.540364
548.153872
558.767381
510.659924
521.273433
531.886941
542.500450
553.113958
563.727466
515.620010
526.233518
536.847027
547.460535
558.074044
568.687552
520.580096
531.193604
541.807112
552.420621
563.034129
573.647638
