496.795311
486.676922
477.653924
469.789439
463.142486
457.766105
487.596591
477.283229
468.079188
460.051053
453.261312
447.766303
479.526110
469.035325
459.666162
451.488456
444.567960
438.964141
472.641667
461.994578
452.479652
444.169653
437.133305
431.432928
466.995717
456.216884
446.578874
438.156976
431.022483
425.240198
462.633607
451.750705
442.015322
433.504775
426.292430
420.445098
459.591894
448.635213
438.830719
430.257185
422.989468
417.095835
457.896892
446.898656
437.055207
428.446146
421.147177
415.227396
457.563568
446.557123
436.705976
428.089890
420.784743
414.859789
