531.101120
520.573459
511.052886
502.596636
495.259231
489.091026
521.302652
510.572993
500.862364
492.231079
484.736796
478.432950
512.537326
501.620212
491.732817
482.938392
475.297609
468.866872
504.858957
493.772106
483.724322
474.781577
467.007358
460.460855
498.317792
487.082076
476.893358
467.820053
459.928177
453.279445
492.959103
481.598385
471.291132
462.107842
454.116707
447.381616
488.821781
477.362608
466.961868
457.691723
449.622108
442.818661
485.937022
474.408174
463.941205
454.609468
446.484149
439.632144
484.327208
472.759105
462.254798
452.888313
444.731549
437.852118
