477.870425
473.586673
469.302920
465.019168
460.735416
456.451663
472.237296
467.953544
463.669791
459.386039
455.102287
450.818534
466.604167
462.320415
458.036662
453.752910
449.469158
445.185405
460.971038
456.687286
452.403533
448.119781
443.836028
439.552276
455.337909
451.054157
446.770404
442.486652
438.202899
433.919147
449.704780
445.421027
441.137275
436.853523
432.569770
428.286018
444.071651
439.787898
435.504146
431.220394
426.936641
422.652889
438.438522
434.154769
429.871017
425.587265
421.303512
417.019760
432.805393
428.521640
424.237888
419.954135
415.670383
411.386631
