501.348519
516.182124
531.015729
545.849334
560.682939
575.516544
497.101243
511.934847
526.768452
541.602057
556.435662
571.269267
492.853966
507.687571
522.521176
537.354781
552.188386
567.021990
488.606689
503.440294
518.273899
533.107504
547.941109
562.774714
484.359413
499.193018
514.026623
528.860228
543.693833
558.527437
480.112136
494.945741
509.779346
524.612951
539.446556
554.280161
475.864860
490.698465
505.532070
520.365675
535.199279
550.032884
471.617583
486.451188
501.284793
516.118398
530.952003
545.785608
467.370307
482.203912
497.037517
511.871121
526.704726
541.538331
