554.785455
550.738689
546.691923
542.645157
538.598390
534.551624
542.751455
538.704689
534.657923
530.611157
526.564391
522.517625
530.717456
526.670690
522.623924
518.577158
514.530392
510.483626
518.683456
514.636690
510.589924
506.543158
502.496392
498.449626
506.649457
502.602691
498.555925
494.509159
490.462393
486.415627
494.615457
490.568691
486.521925
482.475159
478.428393
474.381627
482.581458
478.534692
474.487926
470.441160
466.394394
462.347628
470.547459
466.500692
462.453926
458.407160
454.360394
450.313628
458.513459
454.466693
450.419927
446.373161
442.326395
438.279629
