518.458305
512.452078
506.445851
500.439624
494.433396
488.427169
514.047522
508.041294
502.035067
496.028840
490.022613
484.016386
509.636738
503.630511
497.624283
491.618056
485.611829
479.605602
505.225954
499.219727
493.213500
487.207272
481.201045
475.194818
500.815170
494.808943
488.802716
482.796489
476.790262
470.784034
496.404387
490.398159
484.391932
478.385705
472.379478
466.373251
491.993603
485.987376
479.981148
473.974921
467.968694
461.962467
487.582819
481.576592
475.570365
469.564138
463.557910
457.551683
483.172035
477.165808
471.159581
465.153354
459.147127
453.140899
