416.512372
414.947861
413.383349
411.818837
410.254325
408.689814
411.373857
409.809346
408.244834
406.680322
405.115810
403.551299
406.235342
404.670831
403.106319
401.541807
399.977295
398.412784
401.096827
399.532316
397.967804
396.403292
394.838780
393.274269
395.958312
394.393801
392.829289
391.264777
389.700266
388.135754
390.819798
389.255286
387.690774
386.126262
384.561751
382.997239
385.681283
384.116771
382.552259
380.987747
379.423236
377.858724
380.542768
378.978256
377.413744
375.849232
374.284721
372.720209
375.404253
373.839741
372.275229
370.710717
369.146206
367.581694
