526.059916
519.347203
513.764537
509.349077
506.131371
504.134354
509.732382
502.801734
497.033264
492.467814
489.139071
487.072390
494.130719
486.978079
481.019887
476.300970
472.858432
470.720276
479.325811
471.948848
465.798452
460.923725
457.365458
455.154528
465.393703
457.792291
451.449071
446.417681
442.742847
440.458523
452.415036
444.591776
438.057450
432.870433
429.079590
426.722130
440.474098
432.434866
425.713983
420.374688
416.470119
414.040871
429.657418
421.411888
414.512318
409.026825
405.012872
402.514482
420.051858
411.613952
404.547312
398.924817
394.808171
392.244789
