582.039240
578.282266
575.587598
573.970196
573.439176
573.997553
582.527720
578.773917
576.081548
574.465537
573.934975
574.492871
584.086819
580.343101
577.658045
576.046457
575.517353
576.073716
586.708002
582.981116
580.308267
578.704059
578.177387
578.731193
590.377123
586.673546
584.017596
582.423605
581.900299
582.450565
595.074797
591.400640
588.766015
587.184914
586.665855
587.211656
600.776899
597.137827
594.528626
592.962891
592.448895
592.989373
607.455142
603.856318
601.276272
599.728153
599.219960
599.754336
615.077732
611.523769
608.976209
607.447714
606.945985
607.473564
