448.290537
454.121304
459.952071
465.782838
471.613605
477.444372
455.092729
460.923496
466.754263
472.585030
478.415797
484.246564
461.894921
467.725688
473.556455
479.387222
485.217989
491.048756
468.697113
474.527880
480.358647
486.189414
492.020181
497.850948
475.499305
481.330072
487.160839
492.991606
498.822373
504.653140
482.301497
488.132264
493.963031
499.793798
505.624565
511.455332
489.103688
494.934456
500.765223
506.595990
512.426757
518.257524
495.905880
501.736647
507.567415
513.398182
519.228949
525.059716
502.708072
508.538839
514.369606
520.200374
526.031141
531.861908
