383.840904
380.409280
376.977656
373.546032
370.114407
366.682783
380.925381
377.493757
374.062133
370.630509
367.198885
363.767260
378.009858
374.578234
371.146610
367.714986
364.283362
360.851737
375.094335
371.662711
368.231087
364.799463
361.367839
357.936215
372.178812
368.747188
365.315564
361.883940
358.452316
355.020692
369.263290
365.831665
362.400041
358.968417
355.536793
352.105169
366.347767
362.916143
359.484518
356.052894
352.621270
349.189646
363.432244
360.000620
356.568996
353.137371
349.705747
346.274123
360.516721
357.085097
353.653473
350.221848
346.790224
343.358600
