522.012164
510.238745
498.465327
486.691908
474.918489
463.145071
516.088310
504.314892
492.541473
480.768054
468.994636
457.221217
510.164457
498.391038
486.617619
474.844201
463.070782
451.297363
504.240603
492.467185
480.693766
468.920347
457.146929
445.373510
498.316750
486.543331
474.769912
462.996494
451.223075
439.449656
492.392896
480.619477
468.846059
457.072640
445.299221
433.525803
486.469043
474.695624
462.922205
451.148787
439.375368
427.601949
480.545189
468.771770
456.998352
445.224933
433.451514
421.678096
474.621335
462.847917
451.074498
439.301079
427.527661
415.754242
