553.705356
564.575744
576.326229
588.904128
602.257605
616.336250
559.057936
569.826225
581.470616
593.939583
607.182327
621.149361
565.466119
576.114643
587.634438
599.975319
613.087705
626.923189
572.894482
583.407437
594.786002
606.981498
619.945715
633.631470
581.303916
591.667469
602.890159
614.924950
627.725135
641.244879
590.652519
600.854848
611.909061
623.769869
636.392175
649.731599
600.896459
610.927741
621.802907
633.478496
645.911105
659.057893
611.990776
621.843115
632.530640
644.011771
656.244856
669.188660
623.890107
633.557429
644.050593
655.329930
667.355578
680.087948
