476.877953
476.960888
478.352166
481.040436
485.004131
490.212315
461.150556
461.236319
462.674884
465.453708
469.548997
474.926697
446.270198
446.358819
447.845176
450.715440
454.943419
460.491716
432.324349
432.415829
433.949946
436.911503
441.271762
446.989792
419.406243
419.500540
421.081713
424.133134
428.623403
434.507915
407.613604
407.710628
409.337346
412.475658
417.091447
423.136363
397.046727
397.146333
398.816143
402.036593
406.770855
412.966869
387.805824
387.907803
389.617209
392.913064
397.755933
404.090198
379.987645
380.091722
381.836121
385.198558
390.137201
396.593169
