532.086104
536.882666
541.679229
546.475791
551.272354
556.068916
527.353797
532.150359
536.946921
541.743484
546.540046
551.336609
522.621489
527.418052
532.214614
537.011177
541.807739
546.604302
517.889182
522.685744
527.482307
532.278869
537.075432
541.871994
513.156875
517.953437
522.750000
527.546562
532.343124
537.139687
508.424567
513.221130
518.017692
522.814255
527.610817
532.407380
503.692260
508.488822
513.285385
518.081947
522.878510
527.675072
498.959953
503.756515
508.553078
513.349640
518.146202
522.942765
494.227645
499.024208
503.820770
508.617333
513.413895
518.210458
