477.946804
483.505572
490.277604
498.213428
507.258425
517.354425
468.598924
474.267268
481.169339
489.252924
498.460544
508.731171
460.420194
466.187994
473.207921
481.425204
490.779704
501.207750
453.473879
459.328912
466.452077
474.786300
484.269059
494.834328
447.817332
453.745362
460.954818
469.386658
478.976331
489.655814
443.499906
449.484880
456.761588
465.269426
474.942238
485.710428
440.560973
446.585335
453.908528
462.468856
472.199040
483.028389
439.028216
445.073326
452.420994
461.008944
470.769304
481.630801
438.916368
444.962998
452.312458
460.902431
470.664999
481.528848
