519.334282
509.951282
500.568281
491.185281
481.802280
472.419280
505.675335
496.292334
486.909334
477.526334
468.143333
458.760333
492.016388
482.633387
473.250387
463.867386
454.484386
445.101385
478.357441
468.974440
459.591440
450.208439
440.825439
431.442438
464.698494
455.315493
445.932493
436.549492
427.166492
417.783491
451.039547
441.656546
432.273546
422.890545
413.507545
404.124544
437.380600
427.997599
418.614599
409.231598
399.848598
390.465597
423.721653
414.338652
404.955652
395.572651
386.189651
376.806650
410.062705
400.679705
391.296705
381.913704
372.530704
363.147703
