487.907519
499.699981
512.441602
526.063417
540.498884
555.684593
489.328826
501.087840
513.795044
527.381903
541.782240
556.932958
492.017939
503.714181
516.356757
529.877933
544.212227
559.297123
495.954236
507.559778
520.108885
533.534982
547.773585
562.763027
501.108329
512.597192
525.025909
538.329387
552.444434
567.310477
507.443110
518.791705
531.075473
544.231092
558.196924
572.913719
514.915005
526.102448
538.219388
551.204530
564.998016
579.542131
523.475324
534.483619
546.414735
559.209609
572.810362
587.160995
533.071634
543.885733
555.614988
568.202727
581.593211
595.732312
