444.598542
443.714306
442.830070
441.945834
441.061598
440.177362
443.120791
442.236555
441.352319
440.468083
439.583847
438.699611
441.643039
440.758803
439.874567
438.990331
438.106095
437.221859
440.165287
439.281051
438.396815
437.512579
436.628343
435.744107
438.687535
437.803299
436.919063
436.034827
435.150591
434.266355
437.209784
436.325548
435.441312
434.557076
433.672840
432.788604
435.732032
434.847796
433.963560
433.079324
432.195088
431.310852
434.254280
433.370044
432.485808
431.601572
430.717336
429.833100
432.776528
431.892292
431.008056
430.123821
429.239585
428.355349
