473.641752
479.190870
484.739989
490.289108
495.838227
501.387345
479.552047
485.101166
490.650285
496.199403
501.748522
507.297641
485.462343
491.011461
496.560580
502.109699
507.658817
513.207936
491.372638
496.921757
502.470876
508.019994
513.569113
519.118232
497.282934
502.832052
508.381171
513.930290
519.479408
525.028527
503.193229
508.742348
514.291466
519.840585
525.389704
530.938823
509.103525
514.652643
520.201762
525.750881
531.299999
536.849118
515.013820
520.562939
526.112057
531.661176
537.210295
542.759414
520.924115
526.473234
532.022353
537.571472
543.120590
548.669709
