458.367968
452.932952
448.826609
446.085631
444.735265
444.788176
445.116242
439.517388
435.284505
432.457704
431.064649
431.119237
432.903851
427.144952
422.788216
419.877293
418.442357
418.498593
421.821075
415.908746
411.433045
408.441203
406.965947
407.023768
411.959094
405.903142
401.315868
398.248028
396.734870
396.794182
403.407449
397.221142
392.532421
389.395386
387.847692
387.908363
396.250988
389.951165
385.173956
381.976494
380.398617
380.460475
390.566410
384.173380
379.323413
376.076212
374.473474
374.536311
386.418679
379.955868
375.051366
371.766852
370.145455
370.209027
