503.002622
502.165869
501.329117
500.492364
499.655612
498.818859
519.936494
519.099741
518.262989
517.426236
516.589484
515.752731
536.870365
536.033613
535.196860
534.360108
533.523355
532.686603
553.804237
552.967485
552.130732
551.293980
550.457227
549.620475
570.738109
569.901356
569.064604
568.227851
567.391099
566.554347
587.671981
586.835228
585.998476
585.161723
584.324971
583.488218
604.605852
603.769100
602.932347
602.095595
601.258842
600.422090
621.539724
620.702972
619.866219
619.029467
618.192714
617.355962
638.473596
637.636843
636.800091
635.963338
635.126586
634.289834
