599.579447
587.204072
575.648966
564.964460
555.200819
546.407411
585.317874
572.634370
560.779129
549.805729
539.767958
530.718907
571.794117
558.803742
546.648635
535.385692
525.072327
515.765506
559.061725
545.768377
533.316257
521.765598
511.177511
501.612955
547.175942
533.586563
520.843287
509.009664
498.150527
488.330888
536.193073
522.318026
509.292871
497.184410
486.061155
475.992180
526.169659
512.023065
498.729113
486.357726
474.980996
464.671986
517.161493
502.761493
489.215932
476.597667
464.982199
454.446426
509.222456
494.591365
480.815689
467.970978
456.135884
445.390900
