504.206581
503.995403
505.023223
507.282510
510.756923
515.421889
504.966973
504.756112
505.782386
508.038298
511.507577
516.165759
506.960561
506.750530
507.772773
510.019881
513.475772
518.116259
510.172890
509.964182
510.979996
513.213061
516.647593
521.259844
514.581135
514.374216
515.381338
517.595415
521.001058
525.575106
520.154892
519.950191
520.946533
523.137057
526.506856
531.033482
526.857171
526.655075
527.638757
529.801611
533.129287
537.600155
534.645533
534.446382
535.415749
537.547314
540.827333
545.235081
543.473286
543.277371
544.231010
546.328181
549.555794
553.894088
