400.454187
394.931838
390.933188
388.505287
387.677648
388.460499
391.981718
386.338282
382.249746
379.766335
378.919608
379.720516
384.949059
379.200974
375.034638
372.503127
371.639853
372.456415
379.436278
373.603386
369.373917
366.803341
365.926621
366.755903
375.510320
369.615477
365.339844
362.740682
361.854118
362.692712
373.221263
367.289684
362.986656
360.370522
359.478113
360.322237
372.599279
366.657637
362.347104
359.726319
358.832307
359.677947
373.652691
367.728071
363.430234
360.817316
359.926014
360.769090
376.367433
370.486228
366.220761
363.627895
362.743500
363.580043
