514.465559
519.293278
524.120996
528.948714
533.776432
538.604150
520.828938
525.656656
530.484374
535.312092
540.139811
544.967529
527.192316
532.020035
536.847753
541.675471
546.503189
551.330907
533.555695
538.383413
543.211131
548.038849
552.866568
557.694286
539.919073
544.746792
549.574510
554.402228
559.229946
564.057664
546.282452
551.110170
555.937888
560.765606
565.593325
570.421043
552.645830
557.473549
562.301267
567.128985
571.956703
576.784421
559.009209
563.836927
568.664645
573.492363
578.320082
583.147800
565.372587
570.200306
575.028024
579.855742
584.683460
589.511178
