545.815901
543.923300
542.030699
540.138098
538.245497
536.352896
554.180136
552.287535
550.394934
548.502333
546.609732
544.717131
562.544370
560.651769
558.759168
556.866567
554.973966
553.081365
570.908605
569.016004
567.123403
565.230802
563.338201
561.445600
579.272839
577.380238
575.487637
573.595036
571.702435
569.809834
587.637074
585.744473
583.851872
581.959271
580.066670
578.174069
596.001308
594.108707
592.216106
590.323505
588.430904
586.538303
604.365542
602.472941
600.580340
598.687739
596.795138
594.902537
612.729777
610.837176
608.944575
607.051974
605.159373
603.266772
