538.595829
546.801287
555.006746
563.212204
571.417662
579.623121
548.743536
556.948994
565.154453
573.359911
581.565370
589.770828
558.891243
567.096702
575.302160
583.507618
591.713077
599.918535
569.038950
577.244409
585.449867
593.655325
601.860784
610.066242
579.186657
587.392116
595.597574
603.803033
612.008491
620.213949
589.334365
597.539823
605.745281
613.950740
622.156198
630.361657
599.482072
607.687530
615.892989
624.098447
632.303905
640.509364
609.629779
617.835237
626.040696
634.246154
642.451613
650.657071
619.777486
627.982945
636.188403
644.393861
652.599320
660.804778
