593.298229
597.710763
602.123297
606.535832
610.948366
615.360900
584.050792
588.463326
592.875861
597.288395
601.700929
606.113463
574.803355
579.215890
583.628424
588.040958
592.453492
596.866027
565.555919
569.968453
574.380987
578.793521
583.206056
587.618590
556.308482
560.721016
565.133550
569.546084
573.958619
578.371153
547.061045
551.473579
555.886113
560.298648
564.711182
569.123716
537.813608
542.226142
546.638677
551.051211
555.463745
559.876279
528.566171
532.978706
537.391240
541.803774
546.216308
550.628843
519.318734
523.731269
528.143803
532.556337
536.968871
541.381406
