476.473965
461.703196
446.932427
432.161658
417.390888
402.620119
472.536799
457.766030
442.995261
428.224492
413.453722
398.682953
468.599633
453.828864
439.058095
424.287326
409.516557
394.745787
464.662467
449.891698
435.120929
420.350160
405.579391
390.808621
460.725301
445.954532
431.183763
416.412994
401.642225
386.871455
456.788135
442.017366
427.246597
412.475828
397.705059
382.934289
452.850969
438.080200
423.309431
408.538662
393.767893
378.997124
448.913803
434.143034
419.372265
404.601496
389.830727
375.059958
444.976637
430.205868
415.435099
400.664330
385.893561
371.122792
