557.837581
562.995001
569.204687
576.432633
584.641074
593.789348
554.917635
560.101943
566.343350
573.607353
581.855652
591.047041
553.113366
558.314428
564.575597
571.862055
580.135169
589.353390
552.435707
557.643089
563.911713
571.206639
579.489110
588.717448
552.888800
558.091955
564.355592
571.644854
579.921066
589.142638
554.469873
559.658328
565.904629
573.174191
581.428635
590.626669
557.169323
562.332872
568.549790
575.785957
584.003487
593.161594
560.971005
566.099879
572.275876
579.465514
587.631591
596.734021
565.852705
570.937727
577.061949
584.192688
592.293594
601.325458
