534.438156
533.365201
533.462962
534.730798
537.160423
540.736179
526.280395
525.190773
525.290056
526.577570
529.044640
532.674878
519.199350
518.094836
518.195478
519.500576
522.001094
525.679976
513.239589
512.122222
512.224037
513.544311
516.073690
519.794525
508.440544
507.312607
507.415388
508.748140
511.301246
515.056559
504.835317
503.699307
503.802825
505.145109
507.716333
511.497966
502.449608
501.308192
501.412203
502.760869
505.344225
509.143477
501.300827
500.156789
500.261040
501.612802
504.202040
508.009834
501.397478
500.253661
500.357891
501.709392
504.298134
508.105208
