450.564617
457.180943
463.797269
470.413595
477.029921
483.646247
438.264231
444.880557
451.496883
458.113209
464.729535
471.345861
425.963845
432.580171
439.196497
445.812823
452.429150
459.045476
413.663460
420.279786
426.896112
433.512438
440.128764
446.745090
401.363074
407.979400
414.595726
421.212052
427.828378
434.444704
389.062688
395.679014
402.295340
408.911666
415.527993
422.144319
376.762303
383.378629
389.994955
396.611281
403.227607
409.843933
364.461917
371.078243
377.694569
384.310895
390.927221
397.543547
352.161531
358.777857
365.394183
372.010509
378.626836
385.243162
