571.160274
563.319921
555.479568
547.639215
539.798861
531.958508
559.677620
551.837266
543.996913
536.156560
528.316207
520.475854
548.194965
540.354612
532.514259
524.673906
516.833553
508.993199
536.712311
528.871958
521.031604
513.191251
505.350898
497.510545
525.229656
517.389303
509.548950
501.708597
493.868244
486.027891
513.747002
505.906649
498.066296
490.225943
482.385589
474.545236
502.264348
494.423994
486.583641
478.743288
470.902935
463.062582
490.781693
482.941340
475.100987
467.260634
459.420281
451.579927
479.299039
471.458686
463.618333
455.777979
447.937626
440.097273
