440.526684
446.522395
452.518107
458.513818
464.509530
470.505241
447.031675
453.027386
459.023098
465.018809
471.014521
477.010232
453.536666
459.532377
465.528089
471.523800
477.519512
483.515223
460.041657
466.037369
472.033080
478.028792
484.024503
490.020215
466.546648
472.542360
478.538071
484.533783
490.529494
496.525206
473.051639
479.047351
485.043062
491.038774
497.034485
503.030197
479.556631
485.552342
491.548054
497.543765
503.539477
509.535188
486.061622
492.057333
498.053045
504.048756
510.044468
516.040179
492.566613
498.562324
504.558036
510.553747
516.549459
522.545170
