445.532404
442.877336
441.623761
441.783610
443.355353
446.324076
439.553000
436.861593
435.590706
435.752768
437.346186
440.355423
434.930520
432.210330
430.925725
431.089541
432.700132
435.741455
431.708553
428.967932
427.673588
427.838649
429.461432
432.525529
429.918588
427.166482
425.866664
426.032425
427.662061
430.738959
429.578525
426.824227
425.523363
425.689258
427.320203
430.399544
430.691800
427.944667
426.647220
426.812678
428.439346
431.510701
433.247209
430.516383
429.226709
429.391173
431.008110
434.061289
437.219466
434.513605
433.235830
433.398773
435.000814
438.026163
