1321.000000
1346.000000
1374.000000
1401.000000
1428.000000
1456.000000
1316.000000
1341.000000
1364.000000
1396.000000
1422.000000
1452.000000
1309.000000
1334.000000
1364.000000
1386.000000
1421.000000
1450.000000
1303.000000
1326.000000
1354.000000
1382.000000
1416.000000
1447.000000
1298.000000
1325.000000
1358.000000
1383.000000
1417.000000
1445.000000
1298.000000
1322.000000
1351.000000
1378.000000
1407.000000
1443.000000
1296.000000
1320.000000
1350.000000
1376.000000
1408.000000
1443.000000
1293.000000
1323.000000
1347.000000
1375.000000
1410.000000
1443.000000
1300.000000
1324.000000
1352.000000
1376.000000
1409.000000
1440.000000
