1669.000000
1703.000000
1739.000000
1779.000000
1806.000000
1832.000000
1670.000000
1708.000000
1745.000000
1775.000000
1813.000000
1846.000000
1669.000000
1706.000000
1750.000000
1787.000000
1812.000000
1853.000000
1674.000000
1716.000000
1753.000000
1782.000000
1825.000000
1852.000000
1686.000000
1715.000000
1755.000000
1790.000000
1826.000000
1867.000000
1685.000000
1724.000000
1757.000000
1791.000000
1836.000000
1856.000000
1694.000000
1719.000000
1754.000000
1795.000000
1838.000000
1866.000000
1683.000000
1723.000000
1759.000000
1792.000000
1835.000000
1848.000000
1696.000000
1723.000000
1764.000000
1800.000000
1828.000000
1867.000000
