1419.000000
1403.000000
1383.000000
1367.000000
1350.000000
1332.000000
1420.000000
1408.000000
1389.000000
1377.000000
1355.000000
1341.000000
1432.000000
1416.000000
1399.000000
1380.000000
1368.000000
1348.000000
1443.000000
1426.000000
1409.000000
1391.000000
1375.000000
1364.000000
1449.000000
1434.000000
1418.000000
1404.000000
1387.000000
1372.000000
1455.000000
1437.000000
1425.000000
1412.000000
1396.000000
1383.000000
1460.000000
1450.000000
1433.000000
1418.000000
1404.000000
1392.000000
1465.000000
1453.000000
1438.000000
1426.000000
1411.000000
1400.000000
1476.000000
1462.000000
1444.000000
1431.000000
1421.000000
1404.000000
