3197.000000
0.000000
3046.000000
3291.000000
3205.000000
3792.000000
3332.000000
3244.000000
3379.000000
3987.000000
2573.000000
3675.000000
3259.000000
3395.000000
0.000000
3979.000000
3989.000000
4022.000000
3289.000000
3368.000000
2714.000000
3981.000000
4020.000000
3973.000000
3339.000000
3286.000000
3270.000000
4001.000000
3950.000000
4004.000000
3234.000000
3321.000000
3229.000000
3873.000000
3935.000000
3759.000000
0.000000
0.000000
3612.000000
3893.000000
3824.000000
0.000000
3748.000000
3794.000000
3828.000000
3814.000000
3663.000000
1480.000000
3713.000000
3780.000000
3790.000000
3842.000000
3768.000000
2959.000000
