1446.000000
1412.000000
1376.000000
1340.000000
1306.000000
1277.000000
1463.000000
1424.000000
1388.000000
1352.000000
1319.000000
1283.000000
1470.000000
1438.000000
1400.000000
1363.000000
1329.000000
1298.000000
1492.000000
1451.000000
1420.000000
1378.000000
1342.000000
1309.000000
1504.000000
1465.000000
1427.000000
1391.000000
1359.000000
1325.000000
1518.000000
1480.000000
1443.000000
1410.000000
1375.000000
1339.000000
1537.000000
1498.000000
1462.000000
1420.000000
1386.000000
1353.000000
1555.000000
1510.000000
1479.000000
1440.000000
1405.000000
1368.000000
1568.000000
1533.000000
1490.000000
1457.000000
1420.000000
1388.000000
