1433.000000
1438.000000
1455.000000
1468.000000
1481.000000
1490.000000
1393.000000
1409.000000
1426.000000
1432.000000
1447.000000
1464.000000
1370.000000
1381.000000
1387.000000
1402.000000
1414.000000
1426.000000
1330.000000
1345.000000
1363.000000
1369.000000
1381.000000
1397.000000
1302.000000
1315.000000
1323.000000
1340.000000
1350.000000
1360.000000
1270.000000
1282.000000
1296.000000
1308.000000
1318.000000
1336.000000
1240.000000
1252.000000
1268.000000
1271.000000
1291.000000
1301.000000
1216.000000
1226.000000
1238.000000
1253.000000
1265.000000
1278.000000
1189.000000
1201.000000
1211.000000
1224.000000
1233.000000
1246.000000
