3087.000000
0.000000
2101.000000
2024.000000
1973.000000
1937.000000
2400.000000
2265.000000
2077.000000
1952.000000
1948.000000
1921.000000
2258.000000
0.000000
2058.000000
2046.000000
1960.000000
1883.000000
2204.000000
2234.000000
2178.000000
2020.000000
1924.000000
1887.000000
1759.000000
1756.000000
1739.000000
1729.000000
1723.000000
1725.000000
1696.000000
1673.000000
1679.000000
1654.000000
1652.000000
1633.000000
1629.000000
1624.000000
1605.000000
1599.000000
1573.000000
1574.000000
1572.000000
1544.000000
1548.000000
1515.000000
1521.000000
1488.000000
1502.000000
1501.000000
1481.000000
1474.000000
1456.000000
1431.000000
