1124.000000
1111.000000
1102.000000
1093.000000
1087.000000
1077.000000
1128.000000
1115.000000
1109.000000
1097.000000
1092.000000
1085.000000
1131.000000
1120.000000
1111.000000
1101.000000
1095.000000
1090.000000
1137.000000
1127.000000
1116.000000
1105.000000
1099.000000
1095.000000
1143.000000
1133.000000
1123.000000
1114.000000
1107.000000
1103.000000
1149.000000
1141.000000
1130.000000
1125.000000
1118.000000
1112.000000
1157.000000
1147.000000
1141.000000
1132.000000
1125.000000
1118.000000
1163.000000
1154.000000
1145.000000
1140.000000
1132.000000
1125.000000
1171.000000
1161.000000
1152.000000
1147.000000
1141.000000
1132.000000
