1318.000000
1300.000000
1287.000000
1273.000000
1263.000000
1253.000000
1327.000000
1311.000000
1296.000000
1283.000000
1274.000000
1266.000000
1330.000000
1319.000000
1301.000000
1291.000000
1280.000000
1269.000000
1341.000000
1328.000000
1316.000000
1303.000000
1291.000000
1282.000000
1347.000000
1332.000000
1321.000000
1305.000000
1296.000000
1285.000000
1352.000000
1334.000000
1327.000000
1314.000000
1302.000000
1293.000000
1353.000000
1345.000000
1328.000000
1320.000000
1303.000000
1295.000000
1362.000000
1343.000000
1339.000000
1326.000000
1314.000000
1302.000000
1366.000000
1351.000000
1344.000000
1326.000000
1317.000000
1305.000000
