1485.000000
3133.000000
2174.000000
2059.000000
2013.000000
1974.000000
0.000000
2233.000000
2073.000000
2046.000000
2010.000000
1979.000000
2301.000000
2265.000000
2154.000000
2026.000000
1958.000000
1937.000000
2426.000000
2207.000000
2094.000000
1984.000000
1942.000000
1917.000000
0.000000
2211.000000
2050.000000
2000.000000
1955.000000
1913.000000
2292.000000
2140.000000
2079.000000
1984.000000
1955.000000
1842.000000
1400.000000
1420.000000
1477.000000
1515.000000
1535.000000
1554.000000
1331.000000
1360.000000
1462.000000
1505.000000
1523.000000
1537.000000
1318.000000
1343.000000
1977.000000
1975.000000
0.000000
1572.000000
