1536.000000
1546.000000
1555.000000
1560.000000
1567.000000
1584.000000
1558.000000
1569.000000
1580.000000
1587.000000
1596.000000
1600.000000
1582.000000
1589.000000
1607.000000
1612.000000
1617.000000
1632.000000
1611.000000
1614.000000
1626.000000
1638.000000
1646.000000
1652.000000
1634.000000
1637.000000
1650.000000
1657.000000
1668.000000
1677.000000
1657.000000
1665.000000
1671.000000
1686.000000
1693.000000
1696.000000
1678.000000
1690.000000
1702.000000
1709.000000
1716.000000
1725.000000
1705.000000
1713.000000
1724.000000
1734.000000
1748.000000
1757.000000
1731.000000
1741.000000
1751.000000
1764.000000
1775.000000
1783.000000
