1654.000000
1659.000000
1666.000000
1678.000000
1694.000000
1701.000000
1614.000000
1626.000000
1632.000000
1644.000000
1654.000000
1665.000000
1581.000000
1586.000000
1597.000000
1606.000000
1615.000000
1628.000000
1542.000000
1548.000000
1568.000000
1572.000000
1580.000000
1591.000000
1508.000000
1513.000000
1526.000000
1534.000000
1542.000000
1550.000000
1476.000000
1481.000000
1488.000000
1502.000000
1512.000000
1518.000000
1439.000000
1448.000000
1454.000000
1460.000000
1474.000000
1482.000000
1406.000000
1411.000000
1420.000000
1429.000000
1440.000000
1454.000000
1372.000000
1382.000000
1386.000000
1395.000000
1407.000000
1418.000000
