3708.000000
3740.000000
3768.000000
3764.000000
0.000000
1771.000000
3704.000000
3777.000000
3718.000000
3268.000000
2092.000000
0.000000
3622.000000
2373.000000
2369.000000
2246.000000
2121.000000
0.000000
2227.000000
2265.000000
2314.000000
2321.000000
2244.000000
1542.000000
2153.000000
2256.000000
2317.000000
2389.000000
2322.000000
1516.000000
1945.000000
1969.000000
2038.000000
2024.000000
2039.000000
1496.000000
1879.000000
1883.000000
1902.000000
1979.000000
1952.000000
1473.000000
1844.000000
1867.000000
1847.000000
1862.000000
1879.000000
1450.000000
1822.000000
1813.000000
1846.000000
1827.000000
1751.000000
1436.000000
