1417.000000
1438.000000
1469.000000
1490.000000
1519.000000
1541.000000
1410.000000
1438.000000
1464.000000
1490.000000
1513.000000
1543.000000
1407.000000
1431.000000
1462.000000
1488.000000
1510.000000
1539.000000
1405.000000
1430.000000
1458.000000
1488.000000
1509.000000
1535.000000
1397.000000
1423.000000
1456.000000
1484.000000
1509.000000
1531.000000
1396.000000
1424.000000
1453.000000
1481.000000
1504.000000
1532.000000
1397.000000
1425.000000
1449.000000
1478.000000
1506.000000
1529.000000
1398.000000
1422.000000
1451.000000
1473.000000
1499.000000
1523.000000
1398.000000
1421.000000
1447.000000
1477.000000
1503.000000
1522.000000
