1630.000000
1628.000000
1633.000000
1634.000000
1639.000000
1642.000000
1657.000000
1657.000000
1658.000000
1661.000000
1666.000000
1666.000000
1680.000000
1686.000000
1686.000000
1689.000000
1687.000000
1696.000000
1711.000000
1713.000000
1713.000000
1717.000000
1719.000000
1723.000000
1738.000000
1738.000000
1744.000000
1746.000000
1744.000000
1751.000000
1768.000000
1765.000000
1772.000000
1776.000000
1775.000000
1773.000000
1791.000000
1792.000000
1797.000000
1802.000000
1801.000000
1802.000000
1818.000000
1819.000000
1819.000000
1826.000000
1831.000000
1826.000000
1844.000000
1840.000000
1849.000000
1845.000000
1854.000000
1851.000000
