1712.000000
1687.000000
1680.000000
0.000000
2990.000000
3143.000000
1742.000000
1769.000000
1727.000000
0.000000
2865.000000
2819.000000
1853.000000
1819.000000
1832.000000
2768.000000
3570.000000
2868.000000
1918.000000
1901.000000
1898.000000
0.000000
3796.000000
2879.000000
1967.000000
1969.000000
2010.000000
2024.000000
2917.000000
2867.000000
1932.000000
1897.000000
2122.000000
2051.000000
2106.000000
2135.000000
1797.000000
1806.000000
1967.000000
2014.000000
2024.000000
2024.000000
1794.000000
1905.000000
1945.000000
1986.000000
1963.000000
1980.000000
1826.000000
1901.000000
1916.000000
1916.000000
1920.000000
1959.000000
