1564.000000
1534.000000
1517.000000
1485.000000
1471.000000
1440.000000
1556.000000
1541.000000
1511.000000
1491.000000
1456.000000
1445.000000
1562.000000
1531.000000
1512.000000
1487.000000
1469.000000
1438.000000
1551.000000
1538.000000
1511.000000
1490.000000
1461.000000
1446.000000
1567.000000
1540.000000
1516.000000
1489.000000
1471.000000
1439.000000
1562.000000
1542.000000
1513.000000
1495.000000
1466.000000
1451.000000
1567.000000
1547.000000
1519.000000
1493.000000
1472.000000
1445.000000
1569.000000
1546.000000
1517.000000
1499.000000
1472.000000
1454.000000
1572.000000
1550.000000
1522.000000
1496.000000
1480.000000
1454.000000
