1330.000000
1322.000000
1313.000000
1305.000000
1296.000000
1288.000000
1331.000000
1321.000000
1312.000000
1305.000000
1296.000000
1288.000000
1330.000000
1325.000000
1315.000000
1308.000000
1299.000000
1292.000000
1336.000000
1326.000000
1319.000000
1310.000000
1305.000000
1298.000000
1331.000000
1324.000000
1317.000000
1312.000000
1306.000000
1303.000000
1333.000000
1324.000000
1319.000000
1313.000000
1308.000000
1301.000000
1330.000000
1325.000000
1317.000000
1312.000000
1308.000000
1306.000000
1335.000000
1324.000000
1321.000000
1317.000000
1311.000000
1305.000000
1332.000000
1324.000000
1318.000000
1316.000000
1308.000000
1308.000000
