1488.000000
1518.000000
1549.000000
1590.000000
1610.000000
1911.000000
1453.000000
1488.000000
1519.000000
1546.000000
1578.000000
1890.000000
1424.000000
1452.000000
1493.000000
1521.000000
1544.000000
1882.000000
1387.000000
1421.000000
1456.000000
1487.000000
1518.000000
1870.000000
1351.000000
1385.000000
1422.000000
1451.000000
1492.000000
1931.000000
1317.000000
1347.000000
1385.000000
1412.000000
0.000000
2043.000000
1283.000000
1313.000000
1351.000000
1375.000000
0.000000
2040.000000
1249.000000
1277.000000
1308.000000
1338.000000
0.000000
1727.000000
1217.000000
1247.000000
1274.000000
1311.000000
1578.000000
1656.000000
