1345.000000
1364.000000
1393.000000
1414.000000
1443.000000
1466.000000
1356.000000
1380.000000
1403.000000
1428.000000
1456.000000
1480.000000
1370.000000
1394.000000
1420.000000
1446.000000
1468.000000
1499.000000
1387.000000
1409.000000
1435.000000
1461.000000
1489.000000
1514.000000
1403.000000
1427.000000
1453.000000
1477.000000
1502.000000
1531.000000
1420.000000
1441.000000
1469.000000
1496.000000
1518.000000
1552.000000
1429.000000
1461.000000
1485.000000
1514.000000
1533.000000
1565.000000
1447.000000
1472.000000
1501.000000
1529.000000
1550.000000
1574.000000
1462.000000
1490.000000
1518.000000
1541.000000
1566.000000
1587.000000
