1463.000000
1429.000000
1384.000000
1352.000000
1315.000000
1281.000000
1494.000000
1451.000000
1413.000000
1373.000000
1341.000000
1300.000000
1512.000000
1473.000000
1437.000000
1399.000000
1353.000000
1330.000000
1539.000000
1496.000000
1458.000000
1423.000000
1386.000000
1346.000000
1559.000000
1521.000000
1482.000000
1445.000000
1408.000000
1376.000000
1582.000000
1547.000000
1506.000000
1470.000000
1431.000000
1399.000000
1608.000000
1568.000000
1536.000000
1489.000000
1456.000000
1420.000000
1628.000000
1597.000000
1555.000000
1522.000000
1477.000000
1444.000000
1662.000000
1616.000000
1585.000000
1532.000000
1507.000000
1467.000000
