1232.000000
1223.000000
1205.000000
1192.000000
1179.000000
1165.000000
1234.000000
1220.000000
1206.000000
1193.000000
1178.000000
1169.000000
1239.000000
1223.000000
1205.000000
1192.000000
1180.000000
1168.000000
1241.000000
1226.000000
1210.000000
1196.000000
1183.000000
1172.000000
1241.000000
1226.000000
1211.000000
1199.000000
1184.000000
1176.000000
1244.000000
1229.000000
1215.000000
1202.000000
1187.000000
1176.000000
1248.000000
1233.000000
1220.000000
1206.000000
1190.000000
1176.000000
1254.000000
1239.000000
1226.000000
1211.000000
1197.000000
1182.000000
1259.000000
1242.000000
1227.000000
1216.000000
1201.000000
1189.000000
