3645.000000
3262.000000
3245.000000
3261.000000
3252.000000
3273.000000
3703.000000
3285.000000
3288.000000
3303.000000
3259.000000
3321.000000
3757.000000
3259.000000
3239.000000
0.000000
3171.000000
3258.000000
3782.000000
0.000000
1598.000000
1596.000000
1631.000000
0.000000
3753.000000
0.000000
1564.000000
1584.000000
1638.000000
1692.000000
0.000000
1528.000000
1558.000000
1587.000000
1616.000000
1657.000000
1502.000000
1530.000000
1557.000000
1579.000000
1611.000000
1638.000000
1499.000000
1527.000000
1551.000000
1575.000000
1605.000000
1636.000000
1497.000000
1522.000000
1547.000000
1571.000000
1599.000000
1627.000000
