1349.000000
1378.000000
1402.000000
1431.000000
1462.000000
1485.000000
1347.000000
1373.000000
1399.000000
1428.000000
1458.000000
1490.000000
1340.000000
1369.000000
1395.000000
1425.000000
1457.000000
1489.000000
1340.000000
1369.000000
1393.000000
1425.000000
1456.000000
1490.000000
1333.000000
1366.000000
1395.000000
1424.000000
1459.000000
1485.000000
1336.000000
1364.000000
1394.000000
1426.000000
1453.000000
1487.000000
1332.000000
1365.000000
1397.000000
1423.000000
1456.000000
1484.000000
1339.000000
1366.000000
1398.000000
1425.000000
1452.000000
1489.000000
1341.000000
1370.000000
1398.000000
1427.000000
1458.000000
1482.000000
