583.604303
581.393009
579.181716
576.970423
574.759129
572.547836
580.858014
578.646721
576.435428
574.224134
572.012841
569.801548
578.111726
575.900433
573.689139
571.477846
569.266553
567.055259
575.365438
573.154144
570.942851
568.731558
566.520264
564.308971
572.619149
570.407856
568.196563
565.985269
563.773976
561.562683
569.872861
567.661568
565.450274
563.238981
561.027688
558.816394
567.126573
564.915279
562.703986
560.492693
558.281399
556.070106
564.380284
562.168991
559.957698
557.746404
555.535111
553.323818
561.633996
559.422703
557.211409
555.000116
552.788823
550.577530
