459.274181
471.247007
484.215561
498.102076
512.831986
528.334756
458.726760
470.713510
483.696368
497.597372
512.341793
527.858959
459.540756
471.506813
484.468413
498.347882
513.070736
528.566503
461.708971
473.620251
486.525549
500.347957
515.013637
530.452651
465.212468
477.036276
489.851587
503.582709
518.156842
533.504903
470.021390
481.727179
494.420917
508.028554
522.478689
537.703402
476.096181
487.656172
500.199471
513.654046
527.950231
543.021560
483.389119
494.778748
507.145913
520.420931
534.536167
549.426867
491.846020
503.044209
515.213008
528.285351
542.195887
556.881808
