621.892587
616.714072
612.512941
609.309412
607.119276
605.953523
619.303020
614.102668
609.883549
606.666136
604.466423
603.295544
617.715202
612.501369
608.271144
605.045156
602.839528
601.665483
617.136866
611.918106
607.683820
604.454697
602.246907
601.071704
617.570848
612.355786
608.124547
604.897778
602.691611
601.517277
619.015018
613.812226
609.591097
606.372132
604.171349
602.999896
621.462335
616.280204
612.076095
608.870267
606.678547
605.511945
624.901011
619.747634
615.567207
612.379656
610.200540
609.040685
629.314797
624.197862
620.047439
616.883039
614.719887
613.568575
