485.616938
485.243578
484.870217
484.496857
484.123496
483.750135
481.557880
481.184519
480.811159
480.437798
480.064437
479.691077
477.498821
477.125461
476.752100
476.378739
476.005379
475.632018
473.439763
473.066402
472.693041
472.319681
471.946320
471.572960
469.380704
469.007343
468.633983
468.260622
467.887262
467.513901
465.321645
464.948285
464.574924
464.201564
463.828203
463.454843
461.262587
460.889226
460.515866
460.142505
459.769145
459.395784
457.203528
456.830168
456.456807
456.083447
455.710086
455.336725
453.144470
452.771109
452.397749
452.024388
451.651027
451.277667
