470.063592
470.895636
473.049279
476.506601
481.239505
487.210818
458.060787
458.914594
461.124197
464.670254
469.522486
475.640920
447.134867
448.009497
450.272616
453.903458
458.869556
465.128143
437.366543
438.260668
440.573868
444.283978
449.356399
455.745646
428.834930
429.746806
432.105586
435.887781
441.056774
447.564518
421.615111
422.542568
424.941339
428.786733
434.040300
440.651679
415.775427
416.715882
419.148000
423.046057
428.370035
435.067589
411.374659
412.325151
414.783016
418.721710
424.099977
430.863912
408.459318
409.416578
411.891800
415.857878
421.272709
428.081318
