487.394681
484.676311
481.957941
479.239571
476.521201
473.802830
505.607105
502.888735
500.170365
497.451995
494.733625
492.015255
523.819530
521.101159
518.382789
515.664419
512.946049
510.227679
542.031954
539.313584
536.595213
533.876843
531.158473
528.440103
560.244378
557.526008
554.807638
552.089267
549.370897
546.652527
578.456802
575.738432
573.020062
570.301692
567.583321
564.864951
596.669226
593.950856
591.232486
588.514116
585.795746
583.077375
614.881650
612.163280
609.444910
606.726540
604.008170
601.289800
633.094075
630.375704
627.657334
624.938964
622.220594
619.502224
