620.402039
613.199263
606.941498
601.658233
597.375322
594.114401
612.412307
605.114436
598.772183
593.416189
589.073357
585.766221
605.350294
597.966241
591.547353
586.125343
581.728084
578.378951
599.248799
591.788619
585.301987
579.821578
575.376145
571.989821
594.137415
586.612235
580.067720
574.537385
570.050746
566.632597
590.041873
582.463783
575.872125
570.301106
565.780874
562.336771
586.983438
579.365345
572.738028
567.136223
562.590563
559.126809
584.978376
577.333827
570.682919
565.060740
560.498248
557.021483
584.037538
576.380509
569.718473
564.086682
559.516247
556.033342
