598.355014
602.154193
606.960148
612.749190
619.493761
627.163032
595.404210
599.222097
604.051381
609.868035
616.644119
624.348395
593.492732
597.322837
602.167353
608.002031
614.798682
622.525797
592.630638
596.466279
601.317696
607.160539
613.966505
621.703964
592.822505
596.656913
601.506792
607.347816
614.151707
621.886861
594.067313
597.893738
602.733665
608.562914
615.353369
623.073606
596.358468
600.170286
604.992001
610.799697
617.565558
625.258481
599.683977
603.474789
608.270311
614.047001
620.777471
628.431077
604.026756
607.790483
612.552219
618.288905
624.973695
632.576531
