505.205485
510.675322
516.145159
521.614996
527.084833
532.554670
516.825096
522.294934
527.764771
533.234608
538.704445
544.174282
528.444708
533.914545
539.384382
544.854219
550.324057
555.793894
540.064320
545.534157
551.003994
556.473831
561.943668
567.413505
551.683931
557.153768
562.623605
568.093443
573.563280
579.033117
563.303543
568.773380
574.243217
579.713054
585.182891
590.652728
574.923154
580.392991
585.862829
591.332666
596.802503
602.272340
586.542766
592.012603
597.482440
602.952277
608.422114
613.891952
598.162378
603.632215
609.102052
614.571889
620.041726
625.511563
