548.823749
561.127244
574.256093
588.155028
602.770781
618.052498
555.971640
568.120358
581.091230
594.830475
609.286116
624.408398
564.137768
576.114310
588.909140
602.470125
616.746729
631.690435
573.278622
585.068077
597.671257
611.037813
625.118777
639.866988
583.348383
594.938327
607.336718
620.495097
634.366174
648.904245
594.299834
605.680254
617.863129
630.801968
644.451239
658.766785
606.085184
617.248351
629.207282
641.917503
655.335301
669.418131
618.656777
629.597081
641.325784
653.800457
666.979246
680.821262
631.967693
642.681446
654.175602
666.409780
679.344001
692.939065
