445.001023
436.116124
427.231225
418.346326
409.461427
400.576528
454.847409
445.962510
437.077610
428.192711
419.307812
410.422913
464.693794
455.808895
446.923996
438.039097
429.154198
420.269299
474.540180
465.655281
456.770381
447.885482
439.000583
430.115684
484.386565
475.501666
466.616767
457.731868
448.846969
439.962070
494.232951
485.348052
476.463152
467.578253
458.693354
449.808455
504.079336
495.194437
486.309538
477.424639
468.539740
459.654841
513.925722
505.040823
496.155923
487.271024
478.386125
469.501226
523.772107
514.887208
506.002309
497.117410
488.232511
479.347612
