560.917628
564.252382
568.667668
574.138558
580.635212
588.123640
577.172116
580.413488
584.706750
590.028940
596.352510
603.645991
594.034274
597.184129
601.357673
606.533772
612.687018
619.788310
611.453829
614.514402
618.571028
623.604268
629.590700
636.503429
629.384502
632.358298
636.301174
641.195251
647.018945
653.747414
647.783851
650.673562
654.506112
659.265058
664.930509
671.479522
666.613070
669.421505
673.147322
677.775393
683.287384
689.662102
685.836753
688.566785
692.189557
696.691144
702.054639
708.260462
705.422652
708.077174
711.600625
715.980179
721.200237
727.242703
