436.378197
450.471014
464.563831
478.656648
492.749465
506.842282
442.198073
456.290890
470.383707
484.476524
498.569341
512.662158
448.017949
462.110766
476.203583
490.296400
504.389218
518.482035
453.837825
467.930642
482.023460
496.116277
510.209094
524.301911
459.657701
473.750519
487.843336
501.936153
516.028970
530.121787
465.477578
479.570395
493.663212
507.756029
521.848846
535.941663
471.297454
485.390271
499.483088
513.575905
527.668723
541.761540
477.117330
491.210147
505.302964
519.395782
533.488599
547.581416
482.937206
497.030024
511.122841
525.215658
539.308475
553.401292
