544.039013
534.228097
525.424469
517.679520
511.041386
505.553668
521.604589
511.363432
502.159111
494.049578
487.089518
481.328797
499.413903
488.707949
479.068547
470.561245
463.248419
457.187392
477.500939
466.292140
456.179320
447.236833
439.536117
433.143407
455.905743
444.152293
433.523324
424.103389
415.974636
409.214016
434.675679
422.331812
411.139115
401.193949
392.591133
385.420563
413.866943
400.882849
389.073607
378.549184
369.419406
361.789870
393.546371
379.868344
367.384229
356.219573
346.501944
338.356040
373.793587
359.364521
346.141693
334.268282
323.892725
315.162989
