453.928646
443.543348
434.350305
426.426633
419.844209
414.666910
459.961491
449.715531
440.651274
432.842964
426.359611
421.262393
467.255745
457.173290
448.259861
440.586415
434.218695
429.214820
475.753391
465.854886
457.110775
449.588420
443.350012
438.450361
485.391230
475.693318
467.133406
459.775059
453.676747
448.889827
496.102816
486.618424
478.254092
471.069488
465.119285
460.451338
507.820207
498.558771
490.398139
483.394063
477.597432
473.052632
520.475475
511.443258
503.491502
496.672103
491.032244
486.612937
534.001945
525.202403
517.462124
510.829263
505.347427
501.054397
