595.463003
592.363367
590.307148
589.305268
589.363105
590.480346
589.959332
586.830626
584.754952
583.743543
583.801931
584.929795
585.472322
582.319508
580.227696
579.208382
579.267227
580.403903
582.025485
578.853898
576.749517
575.724045
575.783246
576.926786
579.637378
576.452653
574.339474
573.309691
573.369141
574.517486
578.321119
575.129104
573.011044
571.978869
572.038458
573.189469
578.084027
574.890696
572.771754
571.739147
571.798761
572.950253
578.927428
575.738775
573.622967
572.591895
572.651420
573.801201
580.846617
577.668558
575.559844
574.532248
574.591571
575.737479
