544.392221
547.841728
551.291234
554.740740
558.190247
561.639753
564.388118
567.837625
571.287131
574.736637
578.186144
581.635650
584.384015
587.833521
591.283028
594.732534
598.182040
601.631547
604.379912
607.829418
611.278924
614.728431
618.177937
621.627443
624.375808
627.825315
631.274821
634.724327
638.173834
641.623340
644.371705
647.821212
651.270718
654.720224
658.169731
661.619237
664.367602
667.817108
671.266615
674.716121
678.165627
681.615134
684.363499
687.813005
691.262511
694.712018
698.161524
701.611030
704.359395
707.808902
711.258408
714.707914
718.157421
721.606927
