516.348685
521.838409
528.454998
536.156735
544.897609
554.628492
529.837824
535.189200
541.642723
549.159539
557.696655
567.208004
544.141778
549.353834
555.642866
562.972783
571.303522
580.592003
559.198024
564.271025
570.395608
577.538319
585.661907
594.726180
574.947463
579.882699
585.844096
592.800696
600.717924
609.558352
591.334711
596.134297
601.934764
608.707499
616.420457
625.038831
608.308224
612.974922
618.617503
625.209545
632.721372
641.120655
625.820302
630.357367
635.845712
642.260952
649.575623
657.759720
643.826999
648.238047
653.576258
659.819130
666.941260
674.914813
