501.026687
500.173014
500.568024
502.208771
505.083115
509.170164
491.660942
490.790979
491.193534
492.865490
495.794003
499.956995
483.407926
482.523084
482.932531
484.632987
487.610946
491.843204
476.325481
475.427457
475.843010
477.568710
480.590445
484.883985
470.466476
469.557247
469.977990
471.725147
474.784074
479.129648
465.877072
464.958868
465.383769
467.148108
470.236810
474.624020
462.595058
461.670326
462.098250
463.875087
466.985437
471.402908
460.648378
459.719731
460.149469
461.933802
465.057136
469.492750
460.053985
459.124136
459.554431
461.341065
464.468385
468.909569
