508.480211
502.804047
498.318867
495.057044
493.042859
492.291626
521.928465
516.400141
512.034071
508.860171
506.900836
506.170171
536.205669
530.826057
526.579611
523.493907
521.589546
520.879486
551.247418
546.016025
541.888627
538.890590
537.040829
536.351224
566.992869
561.908086
557.898271
554.986725
553.190788
552.521341
583.385044
578.444374
574.549978
571.723239
569.980039
569.330334
600.370974
595.571231
591.789553
589.045549
587.353762
586.723296
617.901694
613.239177
609.567118
606.903498
605.261629
604.649835
635.932151
631.402791
627.836976
625.251191
623.657627
623.063897
