563.933616
568.843745
573.753874
578.664003
583.574132
588.484261
563.006763
567.916892
572.827021
577.737150
582.647279
587.557408
562.079910
566.990039
571.900168
576.810296
581.720425
586.630554
561.153057
566.063185
570.973314
575.883443
580.793572
585.703701
560.226203
565.136332
570.046461
574.956590
579.866719
584.776848
559.299350
564.209479
569.119608
574.029737
578.939866
583.849995
558.372497
563.282626
568.192755
573.102884
578.013012
582.923141
557.445644
562.355773
567.265901
572.176030
577.086159
581.996288
556.518790
561.428919
566.339048
571.249177
576.159306
581.069435
