555.511114
565.743960
576.879414
588.866274
601.653653
615.191636
547.006264
557.395266
568.694218
580.850018
593.810048
607.522842
539.526744
550.057031
561.503667
573.811814
586.927276
600.797185
533.115711
543.770165
555.346398
567.788035
581.039484
595.046647
527.812103
538.571487
550.257101
562.811253
576.177175
590.299727
523.649569
534.492751
546.265623
558.909439
572.366484
586.580789
520.655477
531.559739
543.396159
556.105220
569.628516
583.909476
518.850055
529.791478
541.666540
554.415251
567.978785
582.300207
518.245728
529.199645
541.087696
553.849732
567.426784
581.761794
