533.816952
523.381409
513.951029
505.582062
498.327987
492.238097
529.677008
519.158256
509.649738
501.208955
493.890654
487.745363
526.692442
516.112865
506.547185
498.053824
490.688468
484.502563
524.882961
514.266161
504.665479
496.139906
488.745709
482.534899
524.260735
513.631073
504.018294
495.481585
488.077415
481.857991
524.829985
514.212091
504.610380
496.083860
488.688815
482.477273
526.586848
516.005106
506.437390
497.942157
490.575124
484.387772
529.519502
518.997557
509.486040
501.042500
493.721731
487.574311
533.608563
523.168863
513.734582
505.362030
498.104751
492.012097
