586.028690
586.205153
586.381615
586.558077
586.734540
586.911002
582.241565
582.418028
582.594490
582.770952
582.947415
583.123877
578.454440
578.630903
578.807365
578.983827
579.160290
579.336752
574.667315
574.843778
575.020240
575.196702
575.373165
575.549627
570.880190
571.056652
571.233115
571.409577
571.586040
571.762502
567.093065
567.269527
567.445990
567.622452
567.798915
567.975377
563.305940
563.482402
563.658865
563.835327
564.011789
564.188252
559.518815
559.695277
559.871740
560.048202
560.224664
560.401127
555.731690
555.908152
556.084615
556.261077
556.437539
556.614002
