449.304251
445.794589
442.284927
438.775265
435.265603
431.755941
445.911124
442.401462
438.891800
435.382138
431.872476
428.362814
442.517998
439.008336
435.498674
431.989012
428.479350
424.969688
439.124872
435.615210
432.105548
428.595886
425.086224
421.576562
435.731746
432.222084
428.712422
425.202760
421.693098
418.183436
432.338619
428.828957
425.319295
421.809633
418.299971
414.790309
428.945493
425.435831
421.926169
418.416507
414.906845
411.397183
425.552367
422.042705
418.533043
415.023381
411.513719
408.004057
422.159240
418.649578
415.139916
411.630254
408.120592
404.610930
