556.513505
548.024735
539.535965
531.047196
522.558426
514.069656
542.180878
533.692108
525.203338
516.714569
508.225799
499.737029
527.848251
519.359481
510.870712
502.381942
493.893172
485.404402
513.515624
505.026854
496.538085
488.049315
479.560545
471.071775
499.182997
490.694228
482.205458
473.716688
465.227918
456.739148
484.850370
476.361601
467.872831
459.384061
450.895291
442.406522
470.517744
462.028974
453.540204
445.051434
436.562664
428.073895
456.185117
447.696347
439.207577
430.718807
422.230038
413.741268
441.852490
433.363720
424.874950
416.386180
407.897411
399.408641
