390.196498
406.136304
422.076109
438.015914
453.955720
469.895525
399.347371
415.287176
431.226981
447.166787
463.106592
479.046397
408.498243
424.438048
440.377853
456.317659
472.257464
488.197269
417.649115
433.588920
449.528726
465.468531
481.408336
497.348141
426.799987
442.739793
458.679598
474.619403
490.559208
506.499014
435.950860
451.890665
467.830470
483.770275
499.710081
515.649886
445.101732
461.041537
476.981342
492.921148
508.860953
524.800758
454.252604
470.192409
486.132214
502.072020
518.011825
533.951630
463.403476
479.343281
495.283087
511.222892
527.162697
543.102503
