591.265354
576.246837
561.939600
548.399318
535.684151
523.854186
577.254901
561.862011
547.178779
533.263832
520.178827
507.987903
564.005074
548.240295
533.182069
518.891912
505.434975
492.879511
551.570689
535.439934
520.011174
505.348710
491.521125
478.600788
540.008081
523.521179
507.730365
492.702568
478.509685
465.228134
529.374376
512.545537
496.405706
481.024244
466.476174
452.841825
519.726593
502.574800
486.104029
470.385826
455.498104
441.524881
511.120567
493.669861
476.891633
460.859336
445.653481
431.361476
503.609706
485.889323
468.832733
452.515005
437.018910
422.434877
