497.994226
507.863940
517.733653
527.603366
537.473079
547.342793
513.454691
523.324404
533.194117
543.063830
552.933544
562.803257
528.915155
538.784868
548.654582
558.524295
568.394008
578.263721
544.375620
554.245333
564.115046
573.984759
583.854473
593.724186
559.836084
569.705797
579.575510
589.445224
599.314937
609.184650
575.296548
585.166262
595.035975
604.905688
614.775401
624.645115
590.757013
600.626726
610.496439
620.366153
630.235866
640.105579
606.217477
616.087191
625.956904
635.826617
645.696330
655.566044
621.677942
631.547655
641.417368
651.287081
661.156795
671.026508
