479.772587
471.791866
463.811144
455.830422
447.849701
439.868979
493.552720
485.571999
477.591277
469.610555
461.629834
453.649112
507.332853
499.352132
491.371410
483.390688
475.409967
467.429245
521.112986
513.132265
505.151543
497.170822
489.190100
481.209378
534.893119
526.912398
518.931676
510.950955
502.970233
494.989511
548.673253
540.692531
532.711809
524.731088
516.750366
508.769644
562.453386
554.472664
546.491942
538.511221
530.530499
522.549777
576.233519
568.252797
560.272075
552.291354
544.310632
536.329911
590.013652
582.032930
574.052208
566.071487
558.090765
550.110044
