554.036472
555.549087
557.061702
558.574317
560.086933
561.599548
553.860721
555.373336
556.885951
558.398567
559.911182
561.423797
553.684970
555.197585
556.710200
558.222816
559.735431
561.248046
553.509219
555.021834
556.534450
558.047065
559.559680
561.072295
553.333468
554.846083
556.358699
557.871314
559.383929
560.896544
553.157717
554.670332
556.182948
557.695563
559.208178
560.720793
552.981966
554.494582
556.007197
557.519812
559.032427
560.545042
552.806215
554.318831
555.831446
557.344061
558.856676
560.369291
552.630465
554.143080
555.655695
557.168310
558.680925
560.193540
