425.152984
435.610008
446.067032
456.524055
466.981079
477.438103
416.243185
426.700209
437.157233
447.614256
458.071280
468.528304
407.333386
417.790410
428.247434
438.704457
449.161481
459.618505
398.423587
408.880611
419.337635
429.794658
440.251682
450.708706
389.513788
399.970812
410.427836
420.884859
431.341883
441.798907
380.603989
391.061013
401.518037
411.975061
422.432084
432.889108
371.694190
382.151214
392.608238
403.065262
413.522285
423.979309
362.784392
373.241415
383.698439
394.155463
404.612486
415.069510
353.874593
364.331616
374.788640
385.245664
395.702687
406.159711
