614.271181
608.683216
603.095251
597.507285
591.919320
586.331355
608.307235
602.719270
597.131304
591.543339
585.955374
580.367408
602.343288
596.755323
591.167358
585.579392
579.991427
574.403462
596.379342
590.791376
585.203411
579.615446
574.027481
568.439515
590.415395
584.827430
579.239465
573.651499
568.063534
562.475569
584.451449
578.863483
573.275518
567.687553
562.099588
556.511622
578.487502
572.899537
567.311572
561.723606
556.135641
550.547676
572.523556
566.935590
561.347625
555.759660
550.171694
544.583729
566.559609
560.971644
555.383679
549.795713
544.207748
538.619783
