445.727923
453.552557
462.597517
472.792770
484.065640
496.342708
449.771804
457.527285
466.495184
476.607068
487.791798
499.977378
455.154886
462.820171
471.687451
481.690348
492.759711
504.825388
461.830342
469.386627
478.132143
488.002957
498.932287
510.852197
469.743078
477.174077
485.779415
495.497912
506.265465
518.016662
478.831759
486.123846
494.573487
504.122480
514.709642
526.272321
489.030825
496.173043
504.454387
513.819783
524.211131
535.568717
500.272368
507.256329
515.359606
524.530327
534.713572
545.852677
512.487792
519.307498
527.225585
536.193396
546.159225
557.069510
