589.752435
594.520997
599.289560
604.058122
608.826685
613.595247
572.572879
577.341442
582.110004
586.878567
591.647129
596.415692
555.393324
560.161887
564.930449
569.699012
574.467574
579.236137
538.213769
542.982331
547.750894
552.519456
557.288019
562.056581
521.034213
525.802776
530.571338
535.339901
540.108463
544.877026
503.854658
508.623220
513.391783
518.160345
522.928908
527.697470
486.675103
491.443665
496.212228
500.980790
505.749353
510.517915
469.495547
474.264110
479.032672
483.801235
488.569797
493.338360
452.315992
457.084554
461.853117
466.621679
471.390242
476.158804
