526.560964
535.776929
545.982953
557.124630
569.147012
581.995524
532.542073
541.656282
551.753565
562.781009
574.685072
587.412462
539.616225
548.612922
558.584467
569.479653
581.246542
593.833319
547.741071
556.606458
566.437302
577.184274
588.797209
601.225933
556.870624
565.592928
575.270222
585.855184
597.299560
609.554946
566.956350
575.525821
585.038835
595.450172
606.713586
618.782549
577.948192
586.357043
595.697112
605.925340
616.997557
628.869187
589.795493
598.037785
607.198205
617.235877
628.108746
639.774230
602.447786
610.519289
619.495174
629.336745
640.004068
651.456580
