536.325679
551.170240
566.014801
580.859362
595.703923
610.548484
531.102984
545.947545
560.792106
575.636668
590.481229
605.325790
525.880290
540.724851
555.569412
570.413973
585.258534
600.103096
520.657596
535.502157
550.346718
565.191279
580.035840
594.880401
515.434902
530.279463
545.124024
559.968585
574.813146
589.657707
510.212208
525.056769
539.901330
554.745891
569.590452
584.435013
504.989514
519.834075
534.678636
549.523197
564.367758
579.212319
499.766819
514.611380
529.455942
544.300503
559.145064
573.989625
494.544125
509.388686
524.233247
539.077808
553.922370
568.766931
