535.163898
544.464776
554.737224
565.928337
577.984755
590.853511
523.458310
532.963504
543.453394
554.872135
567.163628
580.272415
512.705380
522.406261
533.103926
544.739654
557.254686
570.591167
502.966213
512.851349
523.744213
535.583322
548.307386
561.856285
494.300734
504.355738
515.428176
527.453979
540.369498
554.112524
486.766288
496.973756
508.207053
520.399754
533.486081
547.401949
480.416094
490.755661
502.128085
514.464875
527.698401
541.762953
475.297621
485.746151
497.233162
509.688446
523.042835
537.229282
471.450986
481.982912
493.557516
506.103267
519.549816
533.829098
