498.177044
507.276547
516.376049
525.475552
534.575055
543.674558
514.299437
523.398939
532.498442
541.597945
550.697447
559.796950
530.421829
539.521332
548.620835
557.720337
566.819840
575.919343
546.544222
555.643725
564.743227
573.842730
582.942233
592.041735
562.666614
571.766117
580.865620
589.965123
599.064625
608.164128
578.789007
587.888510
596.988012
606.087515
615.187018
624.286521
594.911400
604.010902
613.110405
622.209908
631.309410
640.408913
611.033792
620.133295
629.232798
638.332300
647.431803
656.531306
627.156185
636.255688
645.355190
654.454693
663.554196
672.653698
