454.029855
452.886275
451.742695
450.599115
449.455535
448.311955
473.512922
472.369342
471.225762
470.082182
468.938602
467.795022
492.995989
491.852410
490.708830
489.565250
488.421670
487.278090
512.479057
511.335477
510.191897
509.048317
507.904737
506.761157
531.962124
530.818544
529.674964
528.531384
527.387804
526.244224
551.445192
550.301612
549.158032
548.014452
546.870872
545.727292
570.928259
569.784679
568.641099
567.497519
566.353939
565.210359
590.411326
589.267746
588.124166
586.980586
585.837007
584.693427
609.894394
608.750814
607.607234
606.463654
605.320074
604.176494
