592.250786
596.484276
601.727505
607.954348
615.134935
623.236301
573.786144
578.154856
583.562796
589.981385
597.378049
605.716958
555.832785
560.341488
565.919678
572.536096
580.155220
588.738124
538.441854
543.094954
548.848456
555.668180
563.515417
572.347905
521.669604
526.470963
532.404145
539.431805
547.511800
556.598302
505.577612
510.530333
516.646610
523.885692
532.201764
541.545211
490.232871
495.339042
501.640574
509.093080
517.646852
527.248292
475.707698
480.968099
487.455445
495.121510
503.912501
513.770676
462.079387
467.493164
474.164905
482.042380
491.067566
501.178465
