533.949147
541.508826
549.068506
556.628186
564.187865
571.747545
520.664820
528.224500
535.784180
543.343859
550.903539
558.463219
507.380494
514.940174
522.499853
530.059533
537.619213
545.178892
494.096168
501.655847
509.215527
516.775207
524.334886
531.894566
480.811841
488.371521
495.931201
503.490880
511.050560
518.610240
467.527515
475.087195
482.646874
490.206554
497.766234
505.325913
454.243188
461.802868
469.362548
476.922228
484.481907
492.041587
440.958862
448.518542
456.078221
463.637901
471.197581
478.757260
427.674536
435.234215
442.793895
450.353575
457.913254
465.472934
