491.602911
487.012009
483.671347
481.606943
480.835234
481.362439
502.238028
497.745228
494.477084
492.457980
491.703302
492.218866
513.870267
509.480055
506.287667
504.315850
503.578943
504.082362
526.433535
522.148965
519.034504
517.111295
516.392648
516.883587
539.862836
535.685688
532.650384
530.776513
530.076392
530.554669
554.095205
550.026155
547.070422
545.246111
544.564594
545.030157
569.070392
565.109181
562.232746
560.457792
559.794794
560.247701
584.731328
580.876924
578.078953
576.352801
575.708109
576.148506
601.024409
597.275159
594.554363
592.876181
592.249475
592.677582
