466.077021
460.179578
455.579520
452.316432
450.419371
449.905617
457.680173
451.673107
446.985515
443.659222
441.724983
441.201106
450.515806
444.411911
439.646906
436.264664
434.297493
433.764645
444.643501
438.457863
433.627436
430.197871
428.202830
427.662388
440.114978
433.864782
428.982639
425.515639
423.498541
422.952089
436.972019
430.676213
425.757508
422.264030
420.231324
419.680618
435.244640
428.923480
423.984442
420.476232
418.434842
417.881768
434.949707
428.624198
423.681671
420.170933
418.128052
417.574572
436.090127
429.781403
424.852338
421.351355
419.314225
418.762313
