472.351966
470.356920
468.361874
466.366827
464.371781
462.376735
451.071103
449.076057
447.081011
445.085965
443.090918
441.095872
429.790240
427.795194
425.800148
423.805102
421.810056
419.815009
408.509378
406.514331
404.519285
402.524239
400.529193
398.534147
387.228515
385.233469
383.238422
381.243376
379.248330
377.253284
365.947652
363.952606
361.957560
359.962514
357.967467
355.972421
344.666789
342.671743
340.676697
338.681651
336.686605
334.691558
323.385927
321.390880
319.395834
317.400788
315.405742
313.410696
302.105064
300.110018
298.114971
296.119925
294.124879
292.129833
