503.331492
498.546253
493.761013
488.975774
484.190535
479.405295
498.200374
493.415134
488.629895
483.844656
479.059416
474.274177
493.069255
488.284016
483.498777
478.713537
473.928298
469.143058
487.938137
483.152898
478.367658
473.582419
468.797180
464.011940
482.807019
478.021779
473.236540
468.451301
463.666061
458.880822
477.675900
472.890661
468.105422
463.320182
458.534943
453.749704
472.544782
467.759543
462.974303
458.189064
453.403825
448.618585
467.413664
462.628424
457.843185
453.057946
448.272706
443.487467
462.282545
457.497306
452.712067
447.926827
443.141588
438.356349
