531.476261
518.607016
505.737770
492.868525
479.999280
467.130035
527.706069
514.836824
501.967579
489.098334
476.229088
463.359843
523.935878
511.066633
498.197387
485.328142
472.458897
459.589652
520.165686
507.296441
494.427196
481.557951
468.688705
455.819460
516.395495
503.526250
490.657004
477.787759
464.918514
452.049269
512.625304
499.756058
486.886813
474.017568
461.148323
448.279077
508.855112
495.985867
483.116622
470.247376
457.378131
444.508886
505.084921
492.215675
479.346430
466.477185
453.607940
440.738694
501.314729
488.445484
475.576239
462.706993
449.837748
436.968503
