623.303790
615.154454
607.924658
601.647552
596.353221
592.068029
617.966209
609.745539
602.450836
596.116094
590.772194
586.446223
613.601545
605.321603
597.972935
591.590245
586.205088
581.845162
610.230675
601.904364
594.513457
588.093222
582.675747
578.289212
607.870132
599.511038
592.090256
585.643457
580.203108
575.797736
606.531712
598.153914
590.716084
584.254122
578.800714
574.384587
606.222185
597.840050
590.398266
583.932787
578.476350
574.057727
606.943126
598.571087
591.138506
584.681212
579.231825
574.819010
608.690873
600.343207
592.932841
586.495303
581.062929
576.664127
