536.211270
536.578835
538.108880
540.791537
544.609775
549.539923
524.400280
524.776118
526.340474
529.082805
532.984929
538.021612
513.535570
513.919353
515.516656
518.316257
522.298825
527.437563
503.678379
504.069668
505.698082
508.551738
512.610174
517.845065
494.888914
495.287147
496.944341
499.847975
503.976506
509.300146
487.224964
487.629455
489.312585
492.261238
496.452864
501.856321
480.740360
481.150303
482.856018
485.843858
490.090374
495.563210
475.483355
475.897827
477.622300
480.642676
484.934740
490.465109
471.495015
471.912989
473.651971
476.697504
481.024771
486.599579
