490.563577
483.747180
478.142286
473.791892
470.730781
468.984200
504.419958
497.793335
492.348369
488.124602
485.153933
483.459460
519.111129
512.674434
507.389186
503.291663
500.411040
498.768403
534.568269
528.319927
523.192753
519.219961
516.428194
514.836664
550.726888
544.663948
539.692067
535.841617
533.136896
531.595392
567.527070
561.645517
556.825285
553.094123
550.474177
548.981358
584.913537
579.208561
574.535698
570.920291
568.382521
566.936859
602.835563
597.301789
592.771574
589.268063
586.809646
585.409491
621.246800
615.878476
611.485902
608.090224
605.708206
604.351837
