1757.000000
1765.000000
1768.000000
1776.000000
1781.000000
1793.000000
1758.000000
1761.000000
1762.000000
1771.000000
1773.000000
1785.000000
1754.000000
1752.000000
1756.000000
1761.000000
1773.000000
1787.000000
1746.000000
1747.000000
1751.000000
1762.000000
1767.000000
1778.000000
1739.000000
1745.000000
1750.000000
1756.000000
1767.000000
1775.000000
1738.000000
1746.000000
1746.000000
1762.000000
1768.000000
1775.000000
1740.000000
1744.000000
1750.000000
1757.000000
1767.000000
1772.000000
1742.000000
1744.000000
1755.000000
1763.000000
1767.000000
1773.000000
1745.000000
1752.000000
1754.000000
1759.000000
1769.000000
1780.000000
