1727.000000
1731.000000
1741.000000
1747.000000
1755.000000
1756.000000
1719.000000
1724.000000
1726.000000
1739.000000
1738.000000
1746.000000
1699.000000
1707.000000
1711.000000
1717.000000
1721.000000
1733.000000
1695.000000
1689.000000
1700.000000
1707.000000
1713.000000
1720.000000
1672.000000
1679.000000
1682.000000
1692.000000
1696.000000
1703.000000
1658.000000
1667.000000
1672.000000
1675.000000
1686.000000
1690.000000
1650.000000
1652.000000
1660.000000
1668.000000
1677.000000
1677.000000
1631.000000
1639.000000
1650.000000
1658.000000
1660.000000
1670.000000
1624.000000
1631.000000
1638.000000
1645.000000
1652.000000
1658.000000
