1277.000000
1308.000000
1345.000000
1390.000000
1428.000000
1474.000000
1277.000000
1309.000000
1346.000000
1387.000000
1427.000000
1470.000000
1273.000000
1311.000000
1351.000000
1390.000000
1429.000000
1472.000000
1280.000000
1317.000000
1355.000000
1396.000000
1436.000000
1477.000000
1282.000000
1322.000000
1360.000000
1397.000000
1439.000000
1484.000000
1288.000000
1325.000000
1363.000000
1402.000000
1445.000000
1482.000000
1296.000000
1332.000000
1371.000000
1408.000000
1451.000000
1491.000000
1304.000000
1340.000000
1379.000000
1417.000000
1457.000000
1498.000000
1309.000000
1347.000000
1388.000000
1428.000000
1467.000000
1503.000000
