1452.000000
1397.000000
1351.000000
1298.000000
1253.000000
1206.000000
1458.000000
1408.000000
1354.000000
1305.000000
1259.000000
1212.000000
1478.000000
1415.000000
1363.000000
1313.000000
1266.000000
1222.000000
1479.000000
1427.000000
1374.000000
1326.000000
1276.000000
1235.000000
1489.000000
1436.000000
1383.000000
1338.000000
1290.000000
1243.000000
1496.000000
1447.000000
1394.000000
1351.000000
1300.000000
1258.000000
1511.000000
1466.000000
1405.000000
1364.000000
1316.000000
1267.000000
1524.000000
1472.000000
1422.000000
1378.000000
1330.000000
1288.000000
1537.000000
1488.000000
1440.000000
1398.000000
1347.000000
1302.000000
