1363.000000
1344.000000
1331.000000
1318.000000
1311.000000
1302.000000
1364.000000
1346.000000
1334.000000
1320.000000
1310.000000
1304.000000
1368.000000
1353.000000
1338.000000
1327.000000
1318.000000
1308.000000
1373.000000
1359.000000
1344.000000
1333.000000
1319.000000
1311.000000
1379.000000
1365.000000
1352.000000
1340.000000
1328.000000
1321.000000
1388.000000
1374.000000
1358.000000
1348.000000
1339.000000
1329.000000
1393.000000
1382.000000
1369.000000
1360.000000
1348.000000
1340.000000
1403.000000
1387.000000
1380.000000
1367.000000
1359.000000
1348.000000
1408.000000
1398.000000
1386.000000
1378.000000
1369.000000
1362.000000
