1650.000000
1704.000000
1752.000000
1795.000000
1844.000000
1897.000000
1629.000000
1679.000000
1727.000000
1779.000000
1836.000000
1880.000000
1612.000000
1655.000000
1710.000000
1762.000000
1814.000000
1866.000000
1594.000000
1640.000000
1691.000000
1738.000000
1796.000000
1854.000000
1577.000000
1625.000000
1683.000000
1733.000000
1784.000000
1829.000000
1557.000000
1609.000000
1658.000000
1712.000000
1759.000000
1820.000000
1537.000000
1588.000000
1645.000000
1696.000000
1749.000000
1797.000000
1527.000000
1570.000000
1628.000000
1676.000000
1734.000000
1785.000000
1518.000000
1561.000000
1620.000000
1665.000000
1721.000000
1771.000000
