1525.000000
1559.000000
1591.000000
1629.000000
1671.000000
1709.000000
1506.000000
1536.000000
1571.000000
1604.000000
1648.000000
1678.000000
1476.000000
1510.000000
1544.000000
1580.000000
1618.000000
1656.000000
1449.000000
1479.000000
1522.000000
1555.000000
1595.000000
1624.000000
1423.000000
1458.000000
1492.000000
1526.000000
1562.000000
1607.000000
1393.000000
1430.000000
1463.000000
1501.000000
1542.000000
1577.000000
1369.000000
1405.000000
1437.000000
1472.000000
1510.000000
1546.000000
1348.000000
1376.000000
1412.000000
1451.000000
1491.000000
1523.000000
1321.000000
1356.000000
1388.000000
1429.000000
1461.000000
1507.000000
