1527.000000
1511.000000
1498.000000
1485.000000
1474.000000
1463.000000
1562.000000
1550.000000
1533.000000
1521.000000
1510.000000
1496.000000
1601.000000
1581.000000
1568.000000
1560.000000
1547.000000
1532.000000
1641.000000
1626.000000
1608.000000
1603.000000
1582.000000
1572.000000
1681.000000
1664.000000
1651.000000
1636.000000
1625.000000
1612.000000
1716.000000
1700.000000
1687.000000
1681.000000
1664.000000
1658.000000
1757.000000
1746.000000
1733.000000
1711.000000
1705.000000
1691.000000
1794.000000
1777.000000
1768.000000
1753.000000
1747.000000
1732.000000
1835.000000
1818.000000
1808.000000
1789.000000
1784.000000
1774.000000
