1620.000000
1587.000000
1552.000000
1525.000000
1497.000000
1468.000000
1600.000000
1565.000000
1534.000000
1502.000000
1479.000000
1450.000000
1584.000000
1548.000000
1518.000000
1487.000000
1453.000000
1431.000000
1566.000000
1528.000000
1498.000000
1466.000000
1438.000000
1412.000000
1539.000000
1511.000000
1477.000000
1448.000000
1419.000000
1390.000000
1522.000000
1489.000000
1462.000000
1432.000000
1401.000000
1372.000000
1505.000000
1470.000000
1445.000000
1415.000000
1384.000000
1360.000000
1489.000000
1456.000000
1428.000000
1399.000000
1371.000000
1343.000000
1469.000000
1443.000000
1412.000000
1388.000000
1353.000000
1331.000000
