1333.000000
1333.000000
1328.000000
1331.000000
1330.000000
1332.000000
1367.000000
1367.000000
1364.000000
1363.000000
1365.000000
1367.000000
1404.000000
1404.000000
1395.000000
1403.000000
1400.000000
1408.000000
1446.000000
1440.000000
1444.000000
1443.000000
1437.000000
1444.000000
1488.000000
1478.000000
1477.000000
1480.000000
1482.000000
1482.000000
1525.000000
1519.000000
1523.000000
1513.000000
1517.000000
1525.000000
1562.000000
1556.000000
1557.000000
1556.000000
1561.000000
1560.000000
1602.000000
1601.000000
1603.000000
1599.000000
1603.000000
1607.000000
1651.000000
1643.000000
1636.000000
1633.000000
1633.000000
1629.000000
