1474.000000
1458.000000
1450.000000
1442.000000
1438.000000
1430.000000
1455.000000
1446.000000
1440.000000
1427.000000
1419.000000
1413.000000
1441.000000
1432.000000
1420.000000
1410.000000
1406.000000
1401.000000
1427.000000
1417.000000
1409.000000
1399.000000
1391.000000
1387.000000
1415.000000
1404.000000
1392.000000
1387.000000
1379.000000
1377.000000
1405.000000
1394.000000
1379.000000
1374.000000
1367.000000
1363.000000
1395.000000
1382.000000
1371.000000
1366.000000
1360.000000
1354.000000
1387.000000
1379.000000
1367.000000
1358.000000
1352.000000
1349.000000
1380.000000
1371.000000
1360.000000
1354.000000
1349.000000
1342.000000
