1711.000000
1713.000000
1718.000000
1711.000000
1715.000000
1714.000000
1708.000000
1706.000000
1708.000000
1707.000000
1708.000000
1708.000000
1694.000000
1699.000000
1700.000000
1700.000000
1707.000000
1708.000000
1686.000000
1690.000000
1689.000000
1694.000000
1695.000000
1699.000000
1684.000000
1684.000000
1688.000000
1685.000000
1684.000000
1686.000000
1678.000000
1680.000000
1679.000000
1683.000000
1684.000000
1685.000000
1671.000000
1677.000000
1673.000000
1678.000000
1676.000000
1678.000000
1664.000000
1670.000000
1669.000000
1670.000000
1672.000000
1678.000000
1662.000000
1669.000000
1669.000000
1672.000000
1673.000000
1673.000000
