1887.000000
1863.000000
1845.000000
1808.000000
1796.000000
1763.000000
1873.000000
1846.000000
1825.000000
1808.000000
1776.000000
1762.000000
1863.000000
1837.000000
1814.000000
1789.000000
1766.000000
1741.000000
1851.000000
1822.000000
1797.000000
1777.000000
1752.000000
1729.000000
1849.000000
1814.000000
1790.000000
1767.000000
1739.000000
1719.000000
1827.000000
1805.000000
1781.000000
1761.000000
1734.000000
1717.000000
1817.000000
1791.000000
1775.000000
1742.000000
1730.000000
1705.000000
1810.000000
1786.000000
1763.000000
1744.000000
1718.000000
1694.000000
1802.000000
1782.000000
1756.000000
1730.000000
1711.000000
1688.000000
