1480.000000
1511.000000
1551.000000
1589.000000
1628.000000
1673.000000
1486.000000
1516.000000
1557.000000
1594.000000
1634.000000
1677.000000
1490.000000
1519.000000
1554.000000
1599.000000
1647.000000
1681.000000
1495.000000
1528.000000
1564.000000
1611.000000
1644.000000
1693.000000
1496.000000
1530.000000
1574.000000
1614.000000
1656.000000
1695.000000
1500.000000
1544.000000
1584.000000
1623.000000
1662.000000
1703.000000
1512.000000
1546.000000
1591.000000
1628.000000
1672.000000
1708.000000
1521.000000
1562.000000
1597.000000
1641.000000
1677.000000
1720.000000
1529.000000
1565.000000
1612.000000
1648.000000
1698.000000
1726.000000
