1539.000000
1521.000000
1500.000000
1478.000000
1460.000000
1453.000000
1533.000000
1513.000000
1494.000000
1471.000000
1459.000000
1445.000000
1528.000000
1506.000000
1483.000000
1466.000000
1453.000000
1439.000000
1518.000000
1501.000000
1480.000000
1464.000000
1445.000000
1435.000000
1515.000000
1494.000000
1473.000000
1457.000000
1442.000000
1430.000000
1505.000000
1490.000000
1468.000000
1451.000000
1437.000000
1422.000000
1501.000000
1484.000000
1465.000000
1450.000000
1431.000000
1420.000000
1497.000000
1478.000000
1464.000000
1444.000000
1429.000000
1419.000000
1499.000000
1481.000000
1459.000000
1444.000000
1433.000000
1415.000000
