1514.000000
1470.000000
1440.000000
1402.000000
1372.000000
1344.000000
1531.000000
1488.000000
1453.000000
1419.000000
1387.000000
1356.000000
1548.000000
1512.000000
1470.000000
1442.000000
1404.000000
1377.000000
1577.000000
1533.000000
1499.000000
1462.000000
1430.000000
1397.000000
1599.000000
1561.000000
1525.000000
1489.000000
1456.000000
1422.000000
1620.000000
1586.000000
1549.000000
1514.000000
1480.000000
1444.000000
1647.000000
1613.000000
1573.000000
1541.000000
1504.000000
1474.000000
1681.000000
1639.000000
1601.000000
1565.000000
1525.000000
1496.000000
1699.000000
1664.000000
1625.000000
1592.000000
1556.000000
1526.000000
