1461.000000
1491.000000
1536.000000
1580.000000
1619.000000
1663.000000
1443.000000
1482.000000
1517.000000
1566.000000
1614.000000
1654.000000
1437.000000
1471.000000
1511.000000
1558.000000
1605.000000
1653.000000
1423.000000
1464.000000
1503.000000
1549.000000
1596.000000
1645.000000
1417.000000
1453.000000
1501.000000
1543.000000
1591.000000
1641.000000
1403.000000
1444.000000
1489.000000
1529.000000
1584.000000
1626.000000
1393.000000
1435.000000
1479.000000
1528.000000
1571.000000
1627.000000
1384.000000
1424.000000
1468.000000
1516.000000
1563.000000
1612.000000
1381.000000
1420.000000
1466.000000
1509.000000
1556.000000
1607.000000
