1312.000000
1330.000000
1345.000000
1365.000000
1382.000000
1399.000000
1353.000000
1368.000000
1386.000000
1405.000000
1421.000000
1441.000000
1397.000000
1408.000000
1425.000000
1447.000000
1464.000000
1483.000000
1434.000000
1452.000000
1469.000000
1482.000000
1504.000000
1529.000000
1485.000000
1497.000000
1512.000000
1530.000000
1550.000000
1568.000000
1525.000000
1540.000000
1558.000000
1573.000000
1598.000000
1614.000000
1573.000000
1584.000000
1599.000000
1622.000000
1642.000000
1652.000000
1617.000000
1632.000000
1646.000000
1664.000000
1682.000000
1703.000000
1661.000000
1676.000000
1691.000000
1702.000000
1725.000000
1745.000000
