1782.000000
1770.000000
1758.000000
1747.000000
1741.000000
1737.000000
1772.000000
1763.000000
1756.000000
1743.000000
1737.000000
1725.000000
1770.000000
1757.000000
1746.000000
1735.000000
1726.000000
1725.000000
1764.000000
1754.000000
1743.000000
1734.000000
1731.000000
1722.000000
1762.000000
1751.000000
1737.000000
1728.000000
1723.000000
1717.000000
1756.000000
1747.000000
1733.000000
1725.000000
1719.000000
1708.000000
1754.000000
1742.000000
1730.000000
1724.000000
1710.000000
1713.000000
1751.000000
1738.000000
1727.000000
1714.000000
1708.000000
1706.000000
1746.000000
1739.000000
1726.000000
1713.000000
1706.000000
1710.000000
