1815.000000
1787.000000
1755.000000
1716.000000
1694.000000
1654.000000
1782.000000
1748.000000
1708.000000
1694.000000
1648.000000
1622.000000
1746.000000
1703.000000
1673.000000
1639.000000
1605.000000
1573.000000
1703.000000
1669.000000
1624.000000
1595.000000
1567.000000
1535.000000
1656.000000
1627.000000
1587.000000
1554.000000
1526.000000
1498.000000
1616.000000
1590.000000
1551.000000
1523.000000
1486.000000
1456.000000
1582.000000
1553.000000
1517.000000
1477.000000
1443.000000
1415.000000
1556.000000
1511.000000
1469.000000
1441.000000
1406.000000
1371.000000
1504.000000
1472.000000
1441.000000
1409.000000
1373.000000
1344.000000
