1663.000000
1606.000000
1568.000000
1510.000000
1469.000000
1414.000000
1681.000000
1630.000000
1574.000000
1526.000000
1478.000000
1431.000000
1697.000000
1641.000000
1593.000000
1536.000000
1486.000000
1447.000000
1706.000000
1660.000000
1604.000000
1551.000000
1507.000000
1456.000000
1718.000000
1667.000000
1613.000000
1561.000000
1519.000000
1465.000000
1731.000000
1678.000000
1633.000000
1577.000000
1536.000000
1490.000000
1743.000000
1691.000000
1637.000000
1589.000000
1545.000000
1500.000000
1752.000000
1711.000000
1659.000000
1618.000000
1573.000000
1516.000000
1774.000000
1723.000000
1670.000000
1631.000000
1580.000000
1535.000000
