1608.000000
1591.000000
1570.000000
1562.000000
1538.000000
1527.000000
1572.000000
1554.000000
1536.000000
1516.000000
1506.000000
1487.000000
1541.000000
1523.000000
1503.000000
1483.000000
1465.000000
1453.000000
1504.000000
1488.000000
1467.000000
1447.000000
1442.000000
1421.000000
1476.000000
1454.000000
1431.000000
1419.000000
1402.000000
1390.000000
1444.000000
1423.000000
1406.000000
1387.000000
1374.000000
1358.000000
1411.000000
1393.000000
1372.000000
1357.000000
1342.000000
1326.000000
1382.000000
1369.000000
1351.000000
1335.000000
1321.000000
1301.000000
1361.000000
1342.000000
1323.000000
1310.000000
1295.000000
1278.000000
