1677.000000
1684.000000
1709.000000
1721.000000
1730.000000
1742.000000
1639.000000
1649.000000
1654.000000
1672.000000
1680.000000
1692.000000
1587.000000
1594.000000
1602.000000
1616.000000
1630.000000
1642.000000
1544.000000
1550.000000
1556.000000
1569.000000
1580.000000
1586.000000
1501.000000
1507.000000
1513.000000
1525.000000
1537.000000
1543.000000
1451.000000
1458.000000
1463.000000
1480.000000
1484.000000
1498.000000
1408.000000
1415.000000
1420.000000
1437.000000
1444.000000
1449.000000
1362.000000
1371.000000
1380.000000
1388.000000
1399.000000
1409.000000
1326.000000
1330.000000
1336.000000
1352.000000
1358.000000
1358.000000
