1183.000000
1194.000000
1205.000000
1219.000000
1241.000000
1255.000000
1227.000000
1234.000000
1253.000000
1269.000000
1284.000000
1306.000000
1281.000000
1287.000000
1301.000000
1319.000000
1343.000000
1357.000000
1322.000000
1329.000000
1351.000000
1369.000000
1390.000000
1411.000000
1377.000000
1388.000000
1403.000000
1418.000000
1447.000000
1461.000000
1429.000000
1438.000000
1458.000000
1477.000000
1500.000000
1528.000000
1480.000000
1487.000000
1515.000000
1530.000000
1559.000000
1573.000000
1530.000000
1551.000000
1570.000000
1587.000000
1618.000000
1642.000000
1592.000000
1606.000000
1625.000000
1645.000000
1669.000000
1686.000000
