1384.000000
1420.000000
1461.000000
1503.000000
1543.000000
1587.000000
1389.000000
1423.000000
1466.000000
1506.000000
1549.000000
1595.000000
1386.000000
1428.000000
1461.000000
1505.000000
1547.000000
1591.000000
1388.000000
1428.000000
1466.000000
1510.000000
1549.000000
1594.000000
1391.000000
1430.000000
1468.000000
1505.000000
1551.000000
1597.000000
1393.000000
1430.000000
1472.000000
1511.000000
1555.000000
1597.000000
1394.000000
1434.000000
1473.000000
1517.000000
1553.000000
1604.000000
1394.000000
1435.000000
1476.000000
1515.000000
1560.000000
1606.000000
1402.000000
1435.000000
1480.000000
1517.000000
1564.000000
1606.000000
