557.360581
564.578681
572.797833
581.975624
592.067477
603.027501
545.815162
553.183930
561.569881
570.928193
581.211899
592.372806
535.189279
542.702344
551.247771
560.778365
571.244821
582.596700
525.538712
533.187780
541.883270
551.575696
562.213499
573.744097
516.918090
524.692846
533.526806
543.368312
554.163688
565.858342
509.379707
517.267780
526.226402
536.201917
547.138709
558.980354
502.972226
510.959225
520.026538
530.118732
541.178474
553.147729
497.739323
505.808960
514.966964
525.156400
536.318482
548.393822
493.718348
501.852645
511.081547
521.346926
532.588854
544.746875
