360.320943
358.777154
357.233364
355.689574
354.145785
352.601995
349.687046
348.143257
346.599467
345.055677
343.511888
341.968098
339.053149
337.509360
335.965570
334.421780
332.877991
331.334201
328.419252
326.875463
325.331673
323.787883
322.244094
320.700304
317.785355
316.241566
314.697776
313.153986
311.610197
310.066407
307.151458
305.607669
304.063879
302.520089
300.976300
299.432510
296.517561
294.973772
293.429982
291.886193
290.342403
288.798613
285.883665
284.339875
282.796085
281.252296
279.708506
278.164716
275.249768
273.705978
272.162188
270.618399
269.074609
267.530819
