418.804434
411.409296
405.423315
400.909615
397.918302
396.483833
412.561842
405.052748
398.971407
394.383873
391.342681
389.884021
407.758989
400.159778
394.002923
389.356853
386.276085
384.798219
404.447169
396.784536
390.574478
385.887131
382.778439
381.287016
402.663175
394.965932
388.726823
384.016924
380.892968
379.394133
402.427325
394.725483
388.482512
383.769615
380.643629
379.143809
403.742333
396.066063
389.844561
385.148331
382.033627
380.539285
406.593152
398.971736
392.796259
388.135745
385.045207
383.562598
410.947820
403.408683
397.302178
392.695144
389.640772
388.175716
