334.958930
345.181859
356.866287
369.873732
384.069796
399.327734
337.275918
347.430677
359.041929
371.973302
386.092176
401.273222
341.412660
351.447913
362.930663
375.728222
389.711083
404.756419
347.304138
357.173901
368.478257
381.089566
394.882625
409.738110
354.862966
364.528127
375.611217
387.990743
401.546819
416.164485
363.985280
373.414401
384.241260
396.351330
409.630819
423.969855
374.556864
383.726302
394.270092
406.081195
419.052464
433.079667
386.458800
395.352292
405.593966
417.084519
429.723780
443.413529
399.572226
408.180101
418.107672
429.263388
441.554172
454.888028
