380.041710
375.244012
372.067783
370.554723
370.725194
372.576887
364.428251
359.422199
356.104878
354.523696
354.701872
356.636769
349.905986
344.689086
341.228564
339.578120
339.764134
341.783607
336.616172
331.189998
327.586907
325.867379
326.061214
328.165023
324.710173
319.081593
315.340182
313.553500
313.754943
315.940708
314.345264
308.527652
304.656657
302.806945
303.015532
305.278201
305.678252
299.692443
295.705812
293.799752
294.014730
296.346130
298.856893
292.731633
288.648881
286.695907
286.916208
289.304817
294.009678
287.781267
283.627264
281.639472
281.863724
284.294787
