429.594504
420.193953
412.097656
405.383766
400.121879
396.369824
422.554322
412.993553
404.753251
397.915461
392.553480
388.728381
416.896715
407.203132
398.843216
391.902323
386.456920
382.570870
412.678553
402.883491
394.432032
387.412116
381.902694
377.969823
409.944270
400.082272
391.570357
384.498198
378.946413
374.982538
408.723648
398.831469
390.292276
383.196530
377.625609
373.647722
409.030240
399.145659
390.613335
383.523529
377.957428
373.983070
410.860626
401.021164
392.529609
385.475049
379.937539
375.984113
414.194604
404.436262
396.017942
389.026645
383.540415
379.624512
