366.351743
362.231879
359.805877
359.108067
360.148495
362.912212
359.783458
355.587502
353.115854
352.404797
353.464957
356.280523
354.858668
350.603778
348.096745
347.375414
348.450876
351.306630
351.646430
347.352194
344.821521
344.093324
345.179013
348.061612
350.193873
345.881604
343.340092
342.608747
343.699124
346.594032
350.522876
346.214704
343.675655
342.945026
344.034338
346.926448
352.628450
348.346320
345.822922
345.096839
346.179380
349.053717
356.479117
352.243802
349.748525
349.030608
350.100986
352.943388
362.019196
357.849456
355.393540
354.687049
355.740408
358.538105
