499.139298
485.743540
472.347781
458.952022
445.556264
432.160505
495.576919
482.181161
468.785402
455.389643
441.993885
428.598126
492.014540
478.618782
465.223023
451.827264
438.431506
425.035747
488.452161
475.056403
461.660644
448.264885
434.869127
421.473368
484.889782
471.494024
458.098265
444.702506
431.306748
417.910989
481.327403
467.931645
454.535886
441.140127
427.744368
414.348610
477.765024
464.369265
450.973507
437.577748
424.181989
410.786231
474.202645
460.806886
447.411128
434.015369
420.619610
407.223852
470.640266
457.244507
443.848749
430.452990
417.057231
403.661473
