479.680985
471.875019
465.282946
459.956962
455.941436
453.271199
467.650429
459.640196
452.870066
447.396338
443.267041
440.519983
456.672749
448.466483
441.525053
435.908888
431.669718
428.848379
446.825554
438.435015
431.332179
425.581526
421.238438
418.346756
438.185066
429.625812
422.374863
416.500554
412.061764
409.105224
430.823894
422.115404
414.733168
408.749052
404.225152
401.210867
424.808550
415.974146
408.480938
402.403856
397.807805
394.744520
420.196835
411.263378
403.682738
397.532312
392.879277
389.777260
417.035318
408.032649
400.390845
394.189061
389.496087
386.366909
