413.237530
424.922451
437.724710
451.549283
466.305252
481.907067
416.678534
428.269581
440.974678
454.700450
469.357361
484.860975
421.576500
433.036463
445.605668
459.193036
473.710964
489.076589
427.881397
439.176870
451.575194
464.988160
479.330597
494.521642
435.532128
446.634154
458.831015
472.037852
486.172363
501.156063
444.459199
455.343620
467.313219
480.286870
494.185502
508.933339
454.587422
465.234948
476.956381
489.674609
503.314072
517.801978
465.838457
476.234502
487.691638
500.136948
513.498588
527.706957
478.133049
488.267392
499.448575
511.607967
524.677562
538.591104
