474.149319
466.007265
457.865212
449.723158
441.581104
433.439051
464.935443
456.793389
448.651336
440.509282
432.367229
424.225175
455.721567
447.579514
439.437460
431.295406
423.153353
415.011299
446.507691
438.365638
430.223584
422.081531
413.939477
405.797423
437.293816
429.151762
421.009708
412.867655
404.725601
396.583547
428.079940
419.937886
411.795832
403.653779
395.511725
387.369672
418.866064
410.724010
402.581957
394.439903
386.297849
378.155796
409.652188
401.510134
393.368081
385.226027
377.083974
368.941920
400.438312
392.296259
384.154205
376.012151
367.870098
359.728044
