311.425962
320.053737
328.681511
337.309286
345.937061
354.564836
294.191281
302.819056
311.446831
320.074605
328.702380
337.330155
276.956600
285.584375
294.212150
302.839925
311.467699
320.095474
259.721920
268.349694
276.977469
285.605244
294.233019
302.860794
242.487239
251.115014
259.742789
268.370563
276.998338
285.626113
225.252558
233.880333
242.508108
251.135883
259.763657
268.391432
208.017878
216.645652
225.273427
233.901202
242.528977
251.156752
190.783197
199.410972
208.038747
216.666521
225.294296
233.922071
173.548516
182.176291
190.804066
199.431841
208.059615
216.687390
