306.991298
299.442491
293.833206
290.275905
288.846410
289.576236
316.670014
309.357472
303.931232
300.493496
299.112837
299.817673
327.972771
320.917881
315.690409
312.382109
311.054223
311.732061
340.737992
333.952881
328.932630
325.758841
324.485701
325.135538
354.807863
348.296953
343.486412
340.448327
339.230321
339.851966
370.033593
363.795283
359.192366
356.288231
355.124558
355.718427
386.278528
380.306782
375.906101
373.132074
372.021091
372.588030
403.419560
397.705279
393.499221
390.850080
389.789601
390.330732
421.347341
415.879466
411.859051
409.328750
408.316266
408.832877
