556.264337
561.976296
567.688256
573.400216
579.112176
584.824136
545.200574
550.912534
556.624494
562.336453
568.048413
573.760373
534.136811
539.848771
545.560731
551.272691
556.984651
562.696610
523.073049
528.785008
534.496968
540.208928
545.920888
551.632848
512.009286
517.721246
523.433206
529.145165
534.857125
540.569085
500.945523
506.657483
512.369443
518.081403
523.793363
529.505322
489.881761
495.593721
501.305680
507.017640
512.729600
518.441560
478.817998
484.529958
490.241918
495.953877
501.665837
507.377797
467.754235
473.466195
479.178155
484.890115
490.602075
496.314034
