374.043972
356.910487
340.751079
325.710762
311.951443
299.649638
369.495786
352.141077
335.752201
320.477368
306.483190
293.952629
366.599752
349.101104
332.562450
317.134018
302.985459
290.303962
365.395157
347.835914
331.234095
315.740761
301.526832
288.781289
365.898706
348.364846
331.789494
316.323364
302.136845
289.418167
368.103390
350.679780
334.219255
318.870998
304.803077
292.200476
371.978962
354.745755
338.483018
323.337217
309.472387
297.067940
377.473960
360.503527
344.512693
329.644048
316.056009
303.920390
384.518964
367.873668
352.217601
337.688378
324.437426
312.627327
