334.527373
348.821355
363.115337
377.409320
391.703302
405.997285
330.474087
344.768069
359.062051
373.356034
387.650016
401.943999
326.420801
340.714783
355.008765
369.302748
383.596730
397.890713
322.367515
336.661497
350.955479
365.249462
379.543444
393.837427
318.314229
332.608211
346.902193
361.196176
375.490158
389.784141
314.260943
328.554925
342.848908
357.142890
371.436872
385.730855
310.207657
324.501639
338.795622
353.089604
367.383586
381.677569
306.154371
320.448353
334.742336
349.036318
363.330300
377.624283
302.101085
316.395067
330.689050
344.983032
359.277014
373.570997
