320.484999
331.684731
342.884462
354.084194
365.283925
376.483657
328.635747
339.835479
351.035210
362.234942
373.434673
384.634404
336.786495
347.986227
359.185958
370.385690
381.585421
392.785152
344.937243
356.136975
367.336706
378.536437
389.736169
400.935900
353.087991
364.287722
375.487454
386.687185
397.886917
409.086648
361.238739
372.438470
383.638202
394.837933
406.037665
417.237396
369.389487
380.589218
391.788950
402.988681
414.188413
425.388144
377.540235
388.739966
399.939698
411.139429
422.339161
433.538892
385.690983
396.890714
408.090446
419.290177
430.489909
441.689640
