386.832079
377.216161
367.600243
357.984325
348.368406
338.752488
372.771625
363.155706
353.539788
343.923870
334.307952
324.692033
358.711170
349.095251
339.479333
329.863415
320.247497
310.631578
344.650715
335.034797
325.418878
315.802960
306.187042
296.571124
330.590260
320.974342
311.358423
301.742505
292.126587
282.510669
316.529805
306.913887
297.297969
287.682050
278.066132
268.450214
302.469350
292.853432
283.237514
273.621595
264.005677
254.389759
288.408895
278.792977
269.177059
259.561141
249.945222
240.329304
274.348440
264.732522
255.116604
245.500686
235.884767
226.268849
