538.545831
527.574732
517.579543
508.617802
500.744999
494.013197
526.400816
515.171141
504.930480
495.740128
487.659472
480.744470
515.183487
503.703793
493.225097
483.812445
475.529144
468.435110
504.955674
493.237993
482.532075
472.906638
464.428868
457.162618
495.778619
483.838738
472.920088
463.094909
454.434132
447.005443
487.711642
475.569271
464.456259
454.448129
445.619330
438.041177
480.810620
468.489421
457.204356
447.033901
438.055697
430.344373
475.126361
462.653806
451.222816
440.914408
431.808986
423.984063
470.702949
458.109977
446.562691
436.144153
426.937006
419.021112
