383.059101
382.788425
382.517749
382.247073
381.976397
381.705720
370.250761
369.980085
369.709409
369.438732
369.168056
368.897380
357.442420
357.171744
356.901068
356.630392
356.359716
356.089040
344.634080
344.363404
344.092728
343.822052
343.551375
343.280699
331.825740
331.555063
331.284387
331.013711
330.743035
330.472359
319.017399
318.746723
318.476047
318.205371
317.934694
317.664018
306.209059
305.938383
305.667706
305.397030
305.126354
304.855678
293.400718
293.130042
292.859366
292.588690
292.318014
292.047337
280.592378
280.321702
280.051026
279.780349
279.509673
279.238997
