365.873931
347.545729
330.094432
313.666438
298.430787
284.579049
362.501858
343.994037
326.352873
309.726489
294.286932
280.230438
360.834395
342.236410
324.499709
307.773230
292.230494
278.070066
360.895170
342.300488
324.567288
307.844481
292.305533
278.148926
362.683315
344.185251
326.554417
309.938845
294.510421
280.465129
366.173525
347.861108
330.426468
314.015845
298.798011
284.964124
371.317807
353.272153
336.118304
319.999710
305.080505
291.544876
378.048643
360.340224
343.539485
327.786024
313.237894
300.070456
386.283109
368.970108
352.580829
337.249968
323.128212
310.380640
