358.208945
341.537879
324.866813
308.195747
291.524681
274.853615
359.890931
343.219865
326.548799
309.877733
293.206667
276.535601
361.572916
344.901850
328.230784
311.559718
294.888652
278.217586
363.254901
346.583835
329.912769
313.241703
296.570637
279.899571
364.936886
348.265820
331.594754
314.923688
298.252622
281.581556
366.618871
349.947806
333.276740
316.605674
299.934608
283.263542
368.300857
351.629791
334.958725
318.287659
301.616593
284.945527
369.982842
353.311776
336.640710
319.969644
303.298578
286.627512
371.664827
354.993761
338.322695
321.651629
304.980563
288.309497
