444.799299
429.109407
413.419514
397.729622
382.039729
366.349837
453.079559
437.389666
421.699774
406.009881
390.319989
374.630096
461.359818
445.669926
429.980033
414.290141
398.600248
382.910356
469.640078
453.950185
438.260293
422.570400
406.880508
391.190615
477.920338
462.230445
446.540553
430.850660
415.160767
399.470875
486.200597
470.510705
454.820812
439.130920
423.441027
407.751134
494.480857
478.790964
463.101072
447.411179
431.721287
416.031394
502.761116
487.071224
471.381331
455.691439
440.001546
424.311654
511.041376
495.351483
479.661591
463.971698
448.281806
432.591913
