467.633544
453.341013
440.005700
427.717148
416.568003
406.651993
462.834035
448.388544
434.901401
422.464402
411.172851
401.123492
459.346880
444.788150
431.188406
418.641116
407.243571
397.094785
457.202109
442.572832
428.902849
416.286676
404.822849
394.611811
456.418647
441.763425
428.067596
415.426057
403.937806
393.703815
457.003495
442.367649
428.691123
416.068530
404.598522
394.381676
458.951421
444.379735
430.767097
418.207166
406.797464
396.637264
462.245194
447.780707
434.274687
421.819211
410.509913
400.443918
466.856329
452.539252
439.179595
426.867262
415.695323
405.757987
