391.955655
389.409989
388.459834
389.116881
391.373033
395.200904
376.230924
373.578120
372.587595
373.272581
375.623912
379.610626
361.552460
358.791144
357.759680
358.473001
360.920762
365.068076
348.052660
345.183368
344.111118
344.852672
347.396415
351.703246
335.873677
332.899430
331.787484
332.556519
335.193589
339.655187
325.163958
322.090831
320.941439
321.736400
324.461423
329.068562
316.072891
312.910492
311.727253
312.545651
315.350103
320.088412
308.743494
305.505236
304.293202
305.131540
308.003507
312.853103
303.303508
300.006536
298.772197
299.625983
302.550216
307.485832
