396.723564
407.114555
417.505547
427.896538
438.287530
448.678522
406.270153
416.661144
427.052136
437.443128
447.834119
458.225111
415.816742
426.207734
436.598725
446.989717
457.380709
467.771700
425.363331
435.754323
446.145315
456.536306
466.927298
477.318290
434.909921
445.300912
455.691904
466.082896
476.473887
486.864879
444.456510
454.847502
465.238493
475.629485
486.020477
496.411468
454.003099
464.394091
474.785083
485.176074
495.567066
505.958057
463.549689
473.940680
484.331672
494.722663
505.113655
515.504647
473.096278
483.487269
493.878261
504.269253
514.660244
525.051236
