398.164596
387.115064
377.400450
369.126166
362.390885
357.281654
381.280624
369.726847
359.542721
350.847539
343.754305
338.363783
365.328322
353.253181
342.579680
333.442445
325.970690
320.280998
350.434947
337.827883
326.650740
317.054779
309.187257
303.182761
336.741029
323.600908
311.914370
301.850296
293.575592
287.244940
324.398504
310.736892
298.547221
288.016441
279.332234
272.671091
313.566991
299.411564
286.740844
275.759567
266.676519
259.690956
304.407829
289.805372
276.695104
265.298337
255.844160
248.554343
297.075740
282.093995
268.607612
256.852246
247.075096
239.518538
