283.583261
280.906759
278.230258
275.553756
272.877255
270.200753
299.702549
297.026048
294.349546
291.673044
288.996543
286.320041
315.821838
313.145336
310.468834
307.792333
305.115831
302.439329
331.941126
329.264624
326.588123
323.911621
321.235119
318.558618
348.060414
345.383912
342.707411
340.030909
337.354408
334.677906
364.179702
361.503201
358.826699
356.150197
353.473696
350.797194
380.298991
377.622489
374.945987
372.269486
369.592984
366.916482
396.418279
393.741777
391.065276
388.388774
385.712272
383.035771
412.537567
409.861066
407.184564
404.508062
401.831561
399.155059
