505.364430
489.110283
473.618551
458.966441
445.236855
432.517652
499.999258
483.564805
467.889498
453.052144
439.137686
426.236519
495.837986
479.260859
463.440000
448.455456
434.393783
421.347387
492.911107
476.232109
460.307163
445.217191
431.049892
417.899117
491.240685
474.502974
458.517977
443.367114
429.138742
415.927545
490.839547
474.087675
458.088186
442.922621
428.679497
415.453696
491.710801
474.989657
459.021608
443.887936
429.676811
416.482682
493.847712
477.201451
461.309969
446.253908
432.120600
419.003431
497.233963
480.704978
464.933263
449.998446
435.986540
422.989274
