340.048606
339.118616
338.188626
337.258636
336.328646
335.398656
341.116530
340.186541
339.256551
338.326561
337.396571
336.466581
342.184455
341.254465
340.324475
339.394485
338.464495
337.534505
343.252379
342.322390
341.392400
340.462410
339.532420
338.602430
344.320304
343.390314
342.460324
341.530334
340.600344
339.670354
345.388228
344.458239
343.528249
342.598259
341.668269
340.738279
346.456153
345.526163
344.596173
343.666183
342.736193
341.806203
347.524078
346.594088
345.664098
344.734108
343.804118
342.874128
348.592002
347.662012
346.732022
345.802032
344.872042
343.942052
