452.004223
435.017546
418.834947
403.553170
389.278318
376.125055
456.811670
440.010624
424.018629
408.930612
394.850216
381.888912
462.921144
446.350125
430.593639
415.744308
401.902697
389.176342
470.281905
453.979645
438.497396
423.925010
410.359430
397.903644
478.836250
462.835395
447.659525
433.395314
420.135628
407.978424
488.521482
472.848482
458.004514
444.072722
431.141544
419.303564
499.271793
483.947075
469.454171
455.872424
443.285591
431.780688
511.019968
496.058319
481.929770
468.709666
456.476943
445.312977
523.698856
509.109949
495.353801
482.501643
470.627542
459.807276
