346.661685
345.374043
345.893243
348.211203
352.292418
358.076603
326.853077
325.487081
326.037952
328.496046
332.819107
338.935782
307.801145
306.350209
306.935427
309.545251
314.129223
320.602674
289.655235
288.112931
288.735116
291.507930
296.371016
303.223820
272.596342
270.956955
271.618441
274.564170
279.721986
286.972639
256.841149
255.100533
255.803026
258.928743
264.391755
272.051293
242.643744
240.800524
241.544610
244.852414
250.622446
258.690001
230.292416
228.349519
229.134042
232.618389
238.684354
247.141917
220.098177
218.064471
218.885859
222.530729
228.864221
237.671491
