637.049537
624.926114
613.582254
603.061951
593.409008
584.666388
642.374268
630.353262
619.108851
608.684076
599.121723
590.463693
648.619525
636.716439
625.586411
615.271397
605.813029
597.252008
655.759008
643.987897
632.985739
622.793288
613.450906
604.997974
663.763862
652.137254
641.274928
631.216340
622.000484
613.665329
672.603191
661.132049
650.419957
640.505000
631.424730
623.215632
682.244560
670.938279
660.385273
650.622197
641.685108
633.608958
692.654479
681.520918
671.134336
661.529917
652.742189
644.804544
703.798846
692.844391
682.630123
673.189735
664.556208
656.761363
