410.229162
427.314897
444.400633
461.486368
478.572103
495.657839
401.716909
418.802644
435.888380
452.974115
470.059850
487.145586
393.204656
410.290392
427.376127
444.461862
461.547597
478.633333
384.692403
401.778139
418.863874
435.949609
453.035345
470.121080
376.180150
393.265886
410.351621
427.437356
444.523092
461.608827
367.667898
384.753633
401.839368
418.925103
436.010839
453.096574
359.155645
376.241380
393.327115
410.412851
427.498586
444.584321
350.643392
367.729127
384.814862
401.900598
418.986333
436.072068
342.131139
359.216874
376.302609
393.388345
410.474080
427.559815
