531.938332
513.363076
494.787820
476.212564
457.637309
439.062053
530.865582
512.290326
493.715071
475.139815
456.564559
437.989304
529.792833
511.217577
492.642321
474.067066
455.491810
436.916554
528.720083
510.144827
491.569572
472.994316
454.419060
435.843805
527.647334
509.072078
490.496822
471.921567
453.346311
434.771055
526.574584
507.999328
489.424073
470.848817
452.273561
433.698306
525.501835
506.926579
488.351323
469.776068
451.200812
432.625556
524.429085
505.853830
487.278574
468.703318
450.128062
431.552807
523.356336
504.781080
486.205824
467.630569
449.055313
430.480057
