406.120570
401.047796
395.975021
390.902246
385.829472
380.756697
404.241491
399.168717
394.095942
389.023167
383.950393
378.877618
402.362412
397.289637
392.216863
387.144088
382.071313
376.998539
400.483333
395.410558
390.337784
385.265009
380.192234
375.119460
398.604254
393.531479
388.458704
383.385930
378.313155
373.240380
396.725175
391.652400
386.579625
381.506851
376.434076
371.361301
394.846095
389.773321
384.700546
379.627771
374.554997
369.482222
392.967016
387.894241
382.821467
377.748692
372.675917
367.603143
391.087937
386.015162
380.942388
375.869613
370.796838
365.724064
