451.132538
459.688722
469.421853
480.260378
492.131268
504.961721
440.460584
449.220080
459.175168
470.249923
482.367230
495.450602
430.976200
439.924584
450.085319
461.378314
473.722602
487.038251
422.759322
431.877991
442.223646
453.712363
466.259652
479.782469
415.885084
425.151218
435.656645
447.314059
460.035892
473.736400
410.420958
419.807714
430.443576
442.238427
455.102166
468.946837
406.423820
415.900801
426.634072
438.531396
451.500765
465.452570
403.937224
413.471203
424.265943
436.227859
449.263731
463.282910
402.989131
412.545021
423.363377
435.350094
448.411484
462.456499
