405.675401
386.898452
368.121502
349.344553
330.567604
311.790655
403.851699
385.074750
366.297801
347.520852
328.743902
309.966953
402.027997
383.251048
364.474099
345.697150
326.920201
308.143251
400.204296
381.427346
362.650397
343.873448
325.096499
306.319550
398.380594
379.603645
360.826695
342.049746
323.272797
304.495848
396.556892
377.779943
359.002994
340.226044
321.449095
302.672146
394.733190
375.956241
357.179292
338.402343
319.625393
300.848444
392.909488
374.132539
355.355590
336.578641
317.801692
299.024742
391.085787
372.308837
353.531888
334.754939
315.977990
297.201041
