351.596486
333.899391
316.202297
298.505203
280.808109
263.111014
354.139907
336.442812
318.745718
301.048624
283.351530
265.654435
356.683328
338.986233
321.289139
303.592045
285.894950
268.197856
359.226749
341.529654
323.832560
306.135466
288.438371
270.741277
361.770170
344.073075
326.375981
308.678887
290.981792
273.284698
364.313591
346.616496
328.919402
311.222308
293.525213
275.828119
366.857011
349.159917
331.462823
313.765729
296.068634
278.371540
369.400432
351.703338
334.006244
316.309150
298.612055
280.914961
371.943853
354.246759
336.549665
318.852571
301.155476
283.458382
