446.584544
437.156897
427.729250
418.301603
408.873956
399.446308
444.970343
435.542695
426.115048
416.687401
407.259754
397.832107
443.356141
433.928494
424.500847
415.073199
405.645552
396.217905
441.741939
432.314292
422.886645
413.458998
404.031351
394.603703
440.127738
430.700090
421.272443
411.844796
402.417149
392.989502
438.513536
429.085889
419.658242
410.230594
400.802947
391.375300
436.899334
427.471687
418.044040
408.616393
399.188746
389.761099
435.285133
425.857486
416.429838
407.002191
397.574544
388.146897
433.670931
424.243284
414.815637
405.387990
395.960342
386.532695
