413.042253
394.057862
375.778251
358.311303
341.781634
326.331704
407.592427
388.341708
369.779635
352.015161
335.175133
319.405800
403.620206
384.170492
365.396582
347.408057
330.333247
314.321093
401.169485
381.594878
362.687671
344.557749
327.334291
311.167855
400.268210
380.647258
361.690518
343.507972
326.229095
310.005029
400.926831
381.339769
362.419254
344.275197
327.036858
310.854954
403.137704
383.663530
364.863536
346.847366
329.743523
313.701270
406.875525
387.589200
368.989273
351.184823
334.302969
318.490457
412.098746
393.068788
374.740935
357.223269
340.640807
325.136672
