417.136383
438.018595
458.900807
479.783018
500.665230
521.547442
418.003232
438.885443
459.767655
480.649867
501.532079
522.414291
418.870080
439.752292
460.634504
481.516716
502.398927
523.281139
419.736929
440.619141
461.501352
482.383564
503.265776
524.147988
420.603777
441.485989
462.368201
483.250413
504.132625
525.014836
421.470626
442.352838
463.235049
484.117261
504.999473
525.881685
422.337474
443.219686
464.101898
484.984110
505.866322
526.748533
423.204323
444.086535
464.968747
485.850958
506.733170
527.615382
424.071172
444.953383
465.835595
486.717807
507.600019
528.482231
