608.505958
592.396512
576.287066
560.177620
544.068174
527.958728
618.079418
601.969972
585.860526
569.751080
553.641634
537.532188
627.652879
611.543433
595.433987
579.324541
563.215095
547.105649
637.226340
621.116894
605.007448
588.898002
572.788556
556.679110
646.799800
630.690354
614.580908
598.471462
582.362016
566.252570
656.373261
640.263815
624.154369
608.044923
591.935477
575.826031
665.946721
649.837275
633.727829
617.618383
601.508937
585.399491
675.520182
659.410736
643.301290
627.191844
611.082398
594.972952
685.093642
668.984196
652.874750
636.765304
620.655858
604.546412
