415.517278
408.158944
400.800609
393.442274
386.083940
378.725605
413.187766
405.829432
398.471097
391.112763
383.754428
376.396094
410.858254
403.499920
396.141585
388.783251
381.424916
374.066582
408.528743
401.170408
393.812073
386.453739
379.095404
371.737070
406.199231
398.840896
391.482562
384.124227
376.765893
369.407558
403.869719
396.511384
389.153050
381.794715
374.436381
367.078046
401.540207
394.181872
386.823538
379.465203
372.106869
364.748534
399.210695
391.852361
384.494026
377.135691
369.777357
362.419022
396.881183
389.522849
382.164514
374.806180
367.447845
360.089511
