551.588558
535.596641
520.314892
505.807683
492.143512
479.394474
544.804789
528.607683
513.117830
498.401177
484.528181
471.573306
539.096076
522.722110
507.052491
492.154502
478.100281
464.966347
534.496866
517.977533
502.159885
487.112281
472.908236
459.625962
531.035988
514.405527
498.474544
483.312213
468.993092
455.596692
528.735796
512.030631
496.023378
480.783752
466.387008
452.913531
527.611470
510.869541
494.824729
479.547013
465.111989
451.600473
527.670526
510.930532
494.887698
479.611988
465.178980
451.669468
528.912568
512.213168
496.211804
480.978149
466.587403
453.119884
