365.126525
373.363827
383.058371
394.102630
406.386578
419.801404
354.165778
362.652129
372.625461
383.969924
396.567863
410.303836
344.672914
353.387303
363.614842
375.231824
388.113501
402.138356
336.772084
345.685702
356.134487
367.987691
381.114298
395.387502
330.577458
339.653682
350.282446
362.327145
375.651604
390.124718
326.186258
335.381340
346.141316
358.325242
371.793151
386.410811
323.671893
332.936424
343.772934
356.037917
369.589185
384.290689
323.078185
332.359265
343.213999
355.498266
369.069350
383.790767
324.415679
333.659558
344.473320
356.714222
370.240738
384.917357
