468.539524
482.087183
496.524741
511.776890
527.773011
544.447535
465.118684
478.763153
493.298007
508.646921
524.738465
541.506439
463.024293
476.728709
491.323751
506.732469
522.882933
539.708558
462.274378
476.000386
490.617095
506.047330
522.218983
539.065333
462.875475
476.584171
491.183508
506.596492
522.751157
539.580891
464.822343
478.475263
493.018604
508.375954
524.475811
541.251922
468.098191
481.658263
496.108304
511.372873
527.381249
544.067779
472.675387
486.107794
500.429370
515.566020
531.448104
548.010815
478.516589
491.789480
505.950254
520.926507
536.649972
553.056922
