486.043454
469.601630
453.159807
436.717983
420.276159
403.834336
486.910642
470.468818
454.026995
437.585171
421.143348
404.701524
487.777830
471.336006
454.894183
438.452359
422.010536
405.568712
488.645018
472.203195
455.761371
439.319548
422.877724
406.435900
489.512206
473.070383
456.628559
440.186736
423.744912
407.303089
490.379395
473.937571
457.495747
441.053924
424.612100
408.170277
491.246583
474.804759
458.362936
441.921112
425.479288
409.037465
492.113771
475.671947
459.230124
442.788300
426.346477
409.904653
492.980959
476.539136
460.097312
443.655488
427.213665
410.771841
