963.000000
996.000000
1042.000000
1084.000000
1136.000000
1161.000000
958.000000
994.000000
1028.000000
1082.000000
1116.000000
1178.000000
950.000000
988.000000
1033.000000
1074.000000
1122.000000
1155.000000
943.000000
986.000000
1022.000000
1067.000000
1108.000000
1159.000000
937.000000
976.000000
1014.000000
1056.000000
1103.000000
1149.000000
941.000000
961.000000
1004.000000
1049.000000
1090.000000
1133.000000
919.000000
959.000000
994.000000
1031.000000
1079.000000
1119.000000
903.000000
949.000000
983.000000
1021.000000
1064.000000
1111.000000
896.000000
937.000000
970.000000
1014.000000
1049.000000
1097.000000
