1126.000000
1118.000000
1081.000000
1066.000000
1051.000000
985.000000
1080.000000
1070.000000
1055.000000
1030.000000
993.000000
992.000000
1039.000000
1016.000000
1000.000000
978.000000
959.000000
920.000000
1004.000000
984.000000
957.000000
950.000000
914.000000
893.000000
967.000000
964.000000
928.000000
909.000000
879.000000
844.000000
936.000000
923.000000
890.000000
867.000000
838.000000
818.000000
905.000000
880.000000
859.000000
830.000000
807.000000
767.000000
875.000000
849.000000
0.000000
0.000000
0.000000
0.000000
839.000000
812.000000
0.000000
0.000000
0.000000
0.000000
