1010.000000
973.000000
927.000000
884.000000
843.000000
0.000000
1029.000000
975.000000
931.000000
894.000000
852.000000
0.000000
1039.000000
988.000000
940.000000
898.000000
869.000000
0.000000
1042.000000
994.000000
948.000000
909.000000
864.000000
0.000000
1061.000000
999.000000
957.000000
913.000000
0.000000
0.000000
1050.000000
1008.000000
954.000000
914.000000
871.000000
0.000000
1062.000000
1004.000000
963.000000
910.000000
885.000000
0.000000
1050.000000
1011.000000
966.000000
924.000000
884.000000
842.000000
1076.000000
1008.000000
978.000000
920.000000
888.000000
853.000000
