1651.000000
1660.000000
1674.000000
0.000000
1695.000000
1635.000000
1617.000000
1629.000000
1629.000000
1648.000000
1635.000000
1666.000000
1574.000000
1582.000000
1583.000000
1586.000000
1620.000000
1620.000000
1545.000000
1543.000000
1554.000000
1567.000000
1563.000000
1587.000000
1477.000000
1509.000000
1519.000000
1518.000000
1541.000000
1530.000000
1459.000000
1475.000000
1478.000000
1493.000000
1508.000000
1517.000000
1427.000000
1441.000000
1442.000000
1454.000000
1461.000000
1468.000000
1394.000000
1403.000000
1408.000000
1418.000000
1427.000000
1440.000000
1358.000000
1370.000000
1374.000000
1382.000000
1385.000000
1397.000000
