1397.000000
1357.000000
1322.000000
1266.000000
1250.000000
1185.000000
1366.000000
1346.000000
1291.000000
1264.000000
1205.000000
1187.000000
1358.000000
1296.000000
1274.000000
1213.000000
1202.000000
1131.000000
1321.000000
1286.000000
1247.000000
1208.000000
1153.000000
1133.000000
1304.000000
1244.000000
1223.000000
1175.000000
1144.000000
1090.000000
1253.000000
1234.000000
1194.000000
1164.000000
1109.000000
1071.000000
1248.000000
1204.000000
1177.000000
1129.000000
1098.000000
1047.000000
1220.000000
1188.000000
1149.000000
1116.000000
1070.000000
1037.000000
1194.000000
1160.000000
1135.000000
1090.000000
1058.000000
1016.000000
