1178.000000
1179.000000
1169.000000
1166.000000
1158.000000
1146.000000
1165.000000
1156.000000
1158.000000
1149.000000
1139.000000
1132.000000
1151.000000
1146.000000
1141.000000
1132.000000
1130.000000
1112.000000
1141.000000
1131.000000
1127.000000
1124.000000
1117.000000
1106.000000
1127.000000
1120.000000
1116.000000
1112.000000
1103.000000
1096.000000
1119.000000
1109.000000
1104.000000
1102.000000
1093.000000
1084.000000
1110.000000
1103.000000
1095.000000
1092.000000
1086.000000
1085.000000
1106.000000
1099.000000
1096.000000
1087.000000
1080.000000
1074.000000
1103.000000
1099.000000
1091.000000
1089.000000
1078.000000
1075.000000
