1301.000000
1257.000000
1258.000000
1240.000000
1206.000000
1158.000000
1252.000000
1273.000000
1225.000000
1214.000000
1172.000000
1164.000000
1275.000000
1225.000000
1220.000000
1197.000000
1175.000000
1145.000000
1247.000000
1234.000000
1189.000000
1187.000000
1150.000000
1142.000000
1241.000000
1204.000000
1190.000000
1158.000000
1144.000000
1118.000000
1198.000000
1200.000000
1163.000000
1153.000000
1116.000000
1111.000000
1213.000000
1171.000000
1160.000000
1131.000000
1117.000000
1098.000000
1181.000000
1173.000000
1142.000000
1129.000000
1103.000000
1087.000000
1187.000000
1150.000000
1137.000000
1110.000000
1098.000000
1075.000000
