982.000000
976.000000
972.000000
971.000000
972.000000
979.000000
990.000000
984.000000
976.000000
985.000000
973.000000
986.000000
991.000000
988.000000
986.000000
977.000000
0.000000
0.000000
1006.000000
996.000000
990.000000
991.000000
993.000000
0.000000
1008.000000
997.000000
0.000000
0.000000
0.000000
997.000000
1005.000000
1002.000000
0.000000
0.000000
1001.000000
0.000000
1008.000000
1006.000000
1001.000000
1002.000000
0.000000
0.000000
1013.000000
1019.000000
1007.000000
1007.000000
1005.000000
0.000000
1020.000000
1015.000000
1013.000000
1009.000000
1012.000000
1011.000000
