819.000000
811.000000
0.000000
0.000000
0.000000
0.000000
864.000000
853.000000
843.000000
840.000000
826.000000
817.000000
907.000000
899.000000
888.000000
880.000000
873.000000
0.000000
957.000000
946.000000
935.000000
928.000000
925.000000
916.000000
1005.000000
995.000000
986.000000
980.000000
961.000000
961.000000
1051.000000
1042.000000
1024.000000
1035.000000
1017.000000
1007.000000
1101.000000
1084.000000
1075.000000
1069.000000
1055.000000
1055.000000
1136.000000
1134.000000
1123.000000
1116.000000
1112.000000
1104.000000
1197.000000
1181.000000
1182.000000
1153.000000
1160.000000
1160.000000
