1029.000000
1053.000000
1056.000000
1068.000000
1067.000000
1077.000000
1015.000000
1023.000000
1033.000000
1041.000000
1042.000000
1053.000000
986.000000
995.000000
1001.000000
1015.000000
1019.000000
1028.000000
959.000000
967.000000
977.000000
991.000000
999.000000
1014.000000
926.000000
944.000000
964.000000
970.000000
980.000000
982.000000
909.000000
919.000000
921.000000
949.000000
957.000000
969.000000
0.000000
0.000000
0.000000
921.000000
937.000000
963.000000
0.000000
0.000000
0.000000
902.000000
916.000000
943.000000
0.000000
0.000000
0.000000
0.000000
904.000000
926.000000
