0.000000
0.000000
0.000000
0.000000
0.000000
0.000000
1344.000000
0.000000
1233.000000
0.000000
0.000000
0.000000
0.000000
0.000000
0.000000
0.000000
0.000000
1141.000000
1303.000000
0.000000
1241.000000
0.000000
1158.000000
0.000000
1281.000000
0.000000
1226.000000
1188.000000
1143.000000
0.000000
1238.000000
1226.000000
1197.000000
1161.000000
1143.000000
0.000000
1232.000000
1216.000000
1164.000000
1140.000000
1110.000000
0.000000
1205.000000
1188.000000
1160.000000
1106.000000
1112.000000
1017.000000
1189.000000
1180.000000
1104.000000
1111.000000
1029.000000
1068.000000
