1227.000000
1274.000000
1287.000000
1350.000000
1348.000000
1426.000000
1272.000000
1281.000000
1356.000000
1349.000000
1431.000000
1413.000000
1297.000000
1339.000000
1352.000000
1423.000000
1438.000000
1500.000000
1340.000000
1339.000000
1412.000000
1413.000000
1510.000000
0.000000
0.000000
1417.000000
0.000000
1490.000000
0.000000
1573.000000
1415.000000
0.000000
1492.000000
0.000000
1561.000000
0.000000
0.000000
1482.000000
0.000000
1581.000000
0.000000
1637.000000
1474.000000
1485.000000
1545.000000
0.000000
1643.000000
0.000000
0.000000
0.000000
0.000000
1639.000000
0.000000
1706.000000
