953.000000
958.000000
960.000000
969.000000
967.000000
962.000000
979.000000
983.000000
988.000000
991.000000
997.000000
997.000000
1007.000000
1016.000000
1019.000000
1023.000000
1030.000000
1029.000000
1040.000000
1049.000000
1054.000000
1060.000000
1060.000000
1069.000000
1071.000000
1084.000000
1090.000000
1096.000000
1097.000000
1093.000000
1113.000000
1118.000000
1132.000000
1136.000000
1136.000000
1124.000000
1141.000000
1160.000000
1166.000000
1179.000000
1169.000000
1185.000000
1190.000000
1196.000000
1210.000000
1206.000000
1227.000000
1204.000000
1227.000000
1244.000000
1253.000000
1260.000000
1232.000000
1260.000000
