1209.000000
1211.000000
1194.000000
1191.000000
1180.000000
1168.000000
1196.000000
1176.000000
1177.000000
1172.000000
1155.000000
1144.000000
1170.000000
1165.000000
1155.000000
1146.000000
1139.000000
1125.000000
1153.000000
1138.000000
1140.000000
1126.000000
1117.000000
1106.000000
1130.000000
1127.000000
1118.000000
1112.000000
1101.000000
1095.000000
1120.000000
1105.000000
1101.000000
1094.000000
1082.000000
1072.000000
1106.000000
1096.000000
1088.000000
1079.000000
1070.000000
1061.000000
1093.000000
1085.000000
1076.000000
1067.000000
1062.000000
1052.000000
1085.000000
1078.000000
1070.000000
1057.000000
1055.000000
1041.000000
