1091.000000
1099.000000
1096.000000
1093.000000
1109.000000
1113.000000
1066.000000
1058.000000
1066.000000
1066.000000
1072.000000
1083.000000
1031.000000
1034.000000
1029.000000
1032.000000
1035.000000
1041.000000
1003.000000
999.000000
999.000000
998.000000
997.000000
1007.000000
965.000000
969.000000
957.000000
969.000000
968.000000
974.000000
934.000000
930.000000
928.000000
924.000000
928.000000
934.000000
902.000000
0.000000
0.000000
0.000000
0.000000
0.000000
0.000000
0.000000
0.000000
0.000000
0.000000
0.000000
0.000000
0.000000
0.000000
0.000000
0.000000
832.000000
