1376.000000
1356.000000
1319.000000
1300.000000
1260.000000
1236.000000
1375.000000
1332.000000
1305.000000
1272.000000
1244.000000
1218.000000
1352.000000
1321.000000
1287.000000
1260.000000
1209.000000
1197.000000
1342.000000
1310.000000
1273.000000
1235.000000
1207.000000
1181.000000
1321.000000
1288.000000
1258.000000
1220.000000
1188.000000
1162.000000
1314.000000
1277.000000
1243.000000
1206.000000
1175.000000
1150.000000
1297.000000
1265.000000
1232.000000
1189.000000
1171.000000
1132.000000
1294.000000
1255.000000
1210.000000
1187.000000
1148.000000
1121.000000
1270.000000
1244.000000
1203.000000
1174.000000
1139.000000
1106.000000
