1109.000000
1118.000000
1119.000000
1124.000000
1138.000000
1106.000000
1069.000000
1061.000000
1072.000000
1080.000000
1066.000000
1083.000000
1017.000000
1018.000000
1024.000000
1028.000000
1034.000000
1024.000000
970.000000
968.000000
974.000000
984.000000
989.000000
990.000000
924.000000
928.000000
936.000000
938.000000
948.000000
937.000000
892.000000
891.000000
895.000000
904.000000
909.000000
908.000000
0.000000
0.000000
860.000000
0.000000
862.000000
867.000000
0.000000
810.000000
0.000000
0.000000
0.000000
0.000000
0.000000
0.000000
0.000000
0.000000
0.000000
797.000000
