0.000000
0.000000
0.000000
0.000000
0.000000
0.000000
0.000000
0.000000
0.000000
0.000000
0.000000
0.000000
0.000000
0.000000
0.000000
0.000000
0.000000
0.000000
1690.000000
0.000000
1605.000000
1518.000000
0.000000
0.000000
0.000000
1651.000000
0.000000
1519.000000
0.000000
1417.000000
1673.000000
1601.000000
1577.000000
1484.000000
1452.000000
0.000000
1658.000000
1645.000000
1523.000000
1532.000000
1450.000000
1401.000000
1689.000000
0.000000
1572.000000
1508.000000
1458.000000
1392.000000
1657.000000
1633.000000
1553.000000
1530.000000
1456.000000
1401.000000
