1259.000000
1235.000000
1170.000000
1143.000000
1095.000000
1048.000000
1249.000000
1193.000000
1155.000000
1105.000000
1071.000000
1029.000000
1207.000000
1186.000000
1125.000000
1103.000000
1040.000000
1008.000000
1207.000000
1147.000000
1128.000000
1078.000000
1037.000000
981.000000
1174.000000
1147.000000
1091.000000
1066.000000
1011.000000
960.000000
1175.000000
1123.000000
1090.000000
1033.000000
1005.000000
948.000000
1150.000000
1120.000000
1065.000000
1028.000000
975.000000
941.000000
1148.000000
1103.000000
1066.000000
1011.000000
970.000000
929.000000
1142.000000
1087.000000
1054.000000
1006.000000
962.000000
916.000000
