912.000000
956.000000
1015.000000
1057.000000
1118.000000
1155.000000
894.000000
950.000000
989.000000
1052.000000
1088.000000
1157.000000
887.000000
925.000000
984.000000
1029.000000
1091.000000
1133.000000
868.000000
920.000000
963.000000
1024.000000
1078.000000
1135.000000
858.000000
908.000000
953.000000
1000.000000
1066.000000
1118.000000
846.000000
896.000000
937.000000
997.000000
1049.000000
1109.000000
0.000000
891.000000
941.000000
986.000000
1045.000000
1095.000000
840.000000
884.000000
930.000000
983.000000
1037.000000
1090.000000
830.000000
879.000000
930.000000
981.000000
1035.000000
1094.000000
