0.000000
1490.000000
1399.000000
1408.000000
0.000000
0.000000
1495.000000
1419.000000
1422.000000
1346.000000
1346.000000
1271.000000
1417.000000
1428.000000
1363.000000
1347.000000
1283.000000
1253.000000
1447.000000
1347.000000
1348.000000
1306.000000
1272.000000
1214.000000
1369.000000
1366.000000
1305.000000
1277.000000
1215.000000
1195.000000
1377.000000
1324.000000
1294.000000
1235.000000
1198.000000
1150.000000
1336.000000
1300.000000
1253.000000
1211.000000
1166.000000
1135.000000
1318.000000
1269.000000
1225.000000
1184.000000
1142.000000
1099.000000
1282.000000
1244.000000
1195.000000
1161.000000
1116.000000
1080.000000
