1147.000000
1122.000000
1142.000000
1108.000000
1137.000000
0.000000
1153.000000
1180.000000
1158.000000
1179.000000
1161.000000
0.000000
1210.000000
1200.000000
1218.000000
1184.000000
1210.000000
1187.000000
1221.000000
1256.000000
1239.000000
1256.000000
1234.000000
1236.000000
1287.000000
1276.000000
1296.000000
1278.000000
1291.000000
1275.000000
0.000000
1349.000000
1342.000000
1311.000000
1338.000000
0.000000
1374.000000
1362.000000
1391.000000
1377.000000
0.000000
1364.000000
1391.000000
1424.000000
1425.000000
1419.000000
1437.000000
1395.000000
1440.000000
1440.000000
1482.000000
1470.000000
0.000000
1465.000000
