974.000000
951.000000
892.000000
860.000000
809.000000
0.000000
1013.000000
957.000000
910.000000
863.000000
820.000000
0.000000
1014.000000
970.000000
923.000000
877.000000
837.000000
0.000000
1032.000000
982.000000
931.000000
886.000000
831.000000
0.000000
1038.000000
984.000000
935.000000
889.000000
0.000000
0.000000
1040.000000
988.000000
936.000000
892.000000
853.000000
0.000000
1041.000000
992.000000
944.000000
889.000000
861.000000
802.000000
1042.000000
996.000000
948.000000
898.000000
863.000000
822.000000
1058.000000
1002.000000
962.000000
903.000000
867.000000
836.000000
