1214.000000
1266.000000
1308.000000
1372.000000
1407.000000
1449.000000
1215.000000
1284.000000
1341.000000
1378.000000
1411.000000
1481.000000
1244.000000
1290.000000
1336.000000
1385.000000
1433.000000
1500.000000
1251.000000
1307.000000
1351.000000
1400.000000
1461.000000
1502.000000
1273.000000
1323.000000
1366.000000
1425.000000
1460.000000
1519.000000
1277.000000
1341.000000
1377.000000
1428.000000
1474.000000
1509.000000
1292.000000
1344.000000
1397.000000
1451.000000
1492.000000
1551.000000
1311.000000
1366.000000
1417.000000
1469.000000
1518.000000
1557.000000
1327.000000
1392.000000
1431.000000
1487.000000
1518.000000
1581.000000
