341.837633
351.315310
362.273276
374.581641
388.111949
402.741063
349.125401
358.410415
369.157832
381.243995
394.545895
408.944914
358.014140
367.074384
377.575268
389.400260
402.432655
416.559145
368.387979
377.199128
387.425685
398.958821
411.688742
425.508049
380.125349
388.670504
398.602860
409.821570
422.224109
435.709396
393.104133
401.373067
410.998562
421.887778
433.945592
447.077461
407.205646
415.193831
424.506062
435.057325
446.759841
459.525663
422.317436
430.024994
439.022750
449.233185
460.575655
472.968723
438.335026
445.765717
454.451927
464.323199
475.305704
487.324319
