291.599392
282.824602
276.042217
271.401650
269.013765
268.938573
299.906197
291.381669
284.803138
280.307648
277.996272
277.923510
310.011691
301.772760
295.425708
291.094313
288.869259
288.799237
321.746438
313.815743
307.717192
303.561230
301.428218
301.361114
334.939236
327.328340
321.486224
317.510539
315.471857
315.407740
349.424975
342.136469
336.551502
332.755862
330.811145
330.750002
365.049771
358.079440
352.746985
349.127463
347.274438
347.216194
381.673757
375.012542
369.924258
366.474429
364.709552
364.654093
399.172116
392.807750
387.952934
384.664827
382.983784
382.930972
