325.737863
334.297378
344.462361
356.095352
369.057558
383.214122
328.358073
336.851014
346.941187
358.493750
371.372253
385.443812
332.840643
341.222032
351.186641
362.603969
375.341471
389.269574
339.111726
347.341826
357.135725
368.368711
380.913493
394.644993
347.074390
355.119999
364.705080
375.711827
388.019276
401.507833
356.615341
364.450385
373.796287
384.542905
396.576383
409.783368
367.611711
375.217206
384.301358
394.762099
406.493169
419.387981
379.937152
387.300686
396.107817
406.264673
417.672798
430.232667
393.466782
400.581690
409.103009
418.944929
430.016785
442.226205
