356.298090
369.221680
382.145270
395.068860
407.992450
420.916040
358.413934
371.337524
384.261114
397.184704
410.108294
423.031884
360.529779
373.453369
386.376959
399.300549
412.224139
425.147729
362.645623
375.569213
388.492803
401.416393
414.339983
427.263573
364.761468
377.685058
390.608648
403.532238
416.455828
429.379418
366.877313
379.800903
392.724493
405.648083
418.571673
431.495263
368.993157
381.916747
394.840337
407.763927
420.687517
433.611107
371.109002
384.032592
396.956182
409.879772
422.803362
435.726952
373.224846
386.148436
399.072026
411.995616
424.919206
437.842796
