346.279743
355.932485
367.037066
379.466048
393.093825
407.800232
351.720781
361.228157
372.174765
384.437679
397.895216
412.430451
358.824965
368.148923
378.895636
390.947793
404.188633
418.505346
367.495855
376.605201
387.117232
398.921076
411.905691
425.963112
377.625544
386.496216
396.746265
408.271812
420.968106
434.732585
389.100114
397.714939
407.683022
418.907771
431.291078
444.736178
401.804364
410.152436
419.825314
430.733756
442.786452
455.892658
415.625546
423.701390
433.071752
443.654613
455.365446
468.119604
430.456086
438.258732
447.324256
457.577604
468.940868
481.335446
