258.056091
260.599685
263.143279
265.686873
268.230467
270.774060
276.376795
278.920388
281.463982
284.007576
286.551170
289.094764
294.697498
297.241091
299.784685
302.328279
304.871873
307.415467
313.018201
315.561795
318.105388
320.648982
323.192576
325.736170
331.338904
333.882498
336.426091
338.969685
341.513279
344.056873
349.659607
352.203201
354.746795
357.290388
359.833982
362.377576
367.980310
370.523904
373.067498
375.611091
378.154685
380.698279
386.301013
388.844607
391.388201
393.931795
396.475388
399.018982
404.621716
407.165310
409.708904
412.252498
414.796092
417.339685
