280.989780
281.664616
282.339451
283.014287
283.689122
284.363958
293.102807
293.777643
294.452478
295.127314
295.802149
296.476985
305.215834
305.890670
306.565505
307.240341
307.915176
308.590012
317.328861
318.003697
318.678532
319.353368
320.028203
320.703039
329.441888
330.116724
330.791559
331.466395
332.141231
332.816066
341.554915
342.229751
342.904587
343.579422
344.254258
344.929093
353.667943
354.342778
355.017614
355.692449
356.367285
357.042120
365.780970
366.455805
367.130641
367.805476
368.480312
369.155147
377.893997
378.568832
379.243668
379.918503
380.593339
381.268174
