308.318930
304.961545
303.632221
304.357531
307.122920
311.874124
312.526649
309.214953
307.903992
308.619263
311.346802
316.034511
318.645962
315.398526
314.113374
314.814537
317.488857
322.087186
326.569429
323.401567
322.148343
322.832055
325.440497
329.928020
336.169504
333.092955
331.876329
332.540041
335.072918
339.433118
347.307182
344.330161
343.153378
343.795320
346.245871
350.467095
359.839717
356.967229
355.832242
356.451351
358.815477
362.890518
373.626772
370.861087
369.768748
370.364562
372.640429
376.565892
388.534822
385.876002
384.826286
385.398821
387.586420
391.361999
