340.069863
344.065612
348.061360
352.057109
356.052857
360.048605
340.416773
344.412521
348.408270
352.404018
356.399766
360.395515
340.763682
344.759431
348.755179
352.750927
356.746676
360.742424
341.110592
345.106340
349.102088
353.097837
357.093585
361.089334
341.457501
345.453249
349.448998
353.444746
357.440495
361.436243
341.804411
345.800159
349.795907
353.791656
357.787404
361.783152
342.151320
346.147068
350.142817
354.138565
358.134313
362.130062
342.498229
346.493978
350.489726
354.485474
358.481223
362.476971
342.845139
346.840887
350.836636
354.832384
358.828132
362.823881
