422.972691
406.416849
390.760044
376.114570
362.602988
350.356510
419.999862
403.322007
387.540190
372.768234
359.130775
346.761691
418.501937
401.761905
385.916294
371.079699
357.377811
344.945876
418.494753
401.754421
385.908503
371.071596
357.369398
344.937160
419.978386
403.299643
387.516915
372.744036
359.105658
346.735678
422.937148
406.379858
390.721571
376.074598
362.561526
350.313599
427.340401
410.960552
395.483669
381.019802
367.688519
355.617216
433.144092
416.992281
401.747830
387.517840
374.417993
362.570808
440.292847
424.413182
409.445120
395.492178
382.665416
371.081632
