355.214385
366.073743
378.275972
391.695592
406.211968
421.711855
360.304388
371.014795
383.059661
396.317335
410.670373
426.008077
367.030305
377.549958
389.392728
402.441825
416.583903
431.711564
375.304193
385.598189
397.201069
410.001726
423.891662
438.767441
385.026272
395.067027
406.399658
418.919333
432.522986
447.111686
396.089918
405.857054
416.896479
429.110010
442.400414
456.673682
408.386111
417.865937
428.596159
440.485406
453.442520
467.378695
421.807075
430.991803
441.403058
452.956274
465.566442
479.150120
436.249012
445.135852
455.223739
466.434753
478.689988
491.911405
