296.282036
306.537567
316.793098
327.048629
337.304161
347.559692
291.824984
302.080515
312.336046
322.591577
332.847109
343.102640
287.367932
297.623463
307.878994
318.134525
328.390056
338.645588
282.910879
293.166411
303.421942
313.677473
323.933004
334.188535
278.453827
288.709358
298.964890
309.220421
319.475952
329.731483
273.996775
284.252306
294.507838
304.763369
315.018900
325.274431
269.539723
279.795254
290.050785
300.306317
310.561848
320.817379
265.082671
275.338202
285.593733
295.849264
306.104796
316.360327
260.625619
270.881150
281.136681
291.392212
301.647744
311.903275
