277.194822
271.595414
265.996007
260.396599
254.797192
249.197784
291.007453
285.408045
279.808638
274.209230
268.609823
263.010415
304.820084
299.220676
293.621269
288.021861
282.422454
276.823046
318.632715
313.033307
307.433900
301.834492
296.235085
290.635677
332.445346
326.845938
321.246531
315.647123
310.047716
304.448308
346.257977
340.658569
335.059162
329.459754
323.860347
318.260939
360.070608
354.471200
348.871793
343.272385
337.672978
332.073570
373.883239
368.283831
362.684424
357.085016
351.485608
345.886201
387.695870
382.096462
376.497054
370.897647
365.298239
359.698832
