365.549746
376.208776
388.187416
401.367532
415.634843
430.881363
363.980537
374.684210
386.710077
399.938883
414.255400
429.550885
364.125040
374.824588
386.846091
400.070399
414.382373
429.673338
365.981228
376.628047
388.593762
401.760549
416.014381
431.247483
369.523305
380.070914
391.931532
404.989818
419.133844
434.257533
374.703466
385.109223
396.819279
409.721816
423.707910
438.673933
381.454980
391.681411
403.200638
415.905255
429.690129
444.454760
389.696184
399.711824
411.006044
423.476558
437.022678
451.547614
399.334859
409.114600
420.156141
432.362821
445.638907
459.891794
