437.207294
418.678566
400.853171
383.829114
367.717707
352.644064
444.405351
426.189676
408.692015
392.008529
376.247539
361.529715
452.870859
435.009814
417.881636
401.580111
386.209929
371.886586
462.534229
445.061161
428.335103
412.446947
397.497179
383.595531
473.322101
456.262353
439.962338
424.509579
409.999886
396.536795
485.159469
468.530931
452.672903
437.669145
423.610440
410.593873
497.971493
481.785359
466.378232
451.829812
438.225630
425.656231
511.684968
495.946600
480.993299
466.900501
453.748390
441.621020
526.229423
510.939261
496.437763
482.795999
470.088821
458.393961
