363.562631
375.082497
386.602362
398.122228
409.642094
421.161960
377.046793
388.566659
400.086525
411.606390
423.126256
434.646122
390.530955
402.050821
413.570687
425.090552
436.610418
448.130284
404.015117
415.534983
427.054849
438.574714
450.094580
461.614446
417.499279
429.019145
440.539011
452.058877
463.578742
475.098608
430.983442
442.503307
454.023173
465.543039
477.062904
488.582770
444.467604
455.987469
467.507335
479.027201
490.547067
502.066932
457.951766
469.471631
480.991497
492.511363
504.031229
515.551094
471.435928
482.955794
494.475659
505.995525
517.515391
529.035257
