364.832453
360.698354
356.564255
352.430155
348.296056
344.161957
357.888960
353.754860
349.620761
345.486662
341.352562
337.218463
350.945466
346.811367
342.677267
338.543168
334.409068
330.274969
344.001972
339.867873
335.733773
331.599674
327.465575
323.331475
337.058478
332.924379
328.790280
324.656180
320.522081
316.387981
330.114985
325.980885
321.846786
317.712686
313.578587
309.444488
323.171491
319.037391
314.903292
310.769193
306.635093
302.500994
316.227997
312.093898
307.959798
303.825699
299.691600
295.557500
309.284503
305.150404
301.016305
296.882205
292.748106
288.614006
