355.349234
342.787768
331.638099
322.046898
314.156935
308.098937
348.088325
335.254914
323.846002
314.016891
305.919897
299.695443
342.502388
329.451455
317.834291
307.813274
299.548639
293.188954
338.674312
325.469914
313.705340
303.548045
295.164007
288.707752
336.664066
323.377595
311.534017
301.303534
292.855245
286.346940
336.504230
323.211189
311.361282
301.124929
292.671486
286.159001
338.197429
324.973655
313.190440
303.015886
294.616704
288.148187
341.716117
328.633960
316.986838
306.938155
298.649303
292.270049
347.004767
334.129741
322.681049
312.815336
304.686412
298.436233
