411.137951
411.992019
412.846087
413.700155
414.554223
415.408291
393.958099
394.812167
395.666235
396.520303
397.374371
398.228439
376.778247
377.632315
378.486383
379.340451
380.194519
381.048587
359.598395
360.452463
361.306531
362.160599
363.014667
363.868735
342.418543
343.272611
344.126679
344.980747
345.834815
346.688883
325.238691
326.092759
326.946827
327.800895
328.654963
329.509031
308.058839
308.912907
309.766975
310.621043
311.475111
312.329179
290.878987
291.733055
292.587123
293.441191
294.295259
295.149327
273.699135
274.553203
275.407271
276.261339
277.115407
277.969475
