318.372356
330.389382
342.406409
354.423435
366.440462
378.457488
331.754671
343.771697
355.788723
367.805750
379.822776
391.839803
345.136985
357.154012
369.171038
381.188064
393.205091
405.222117
358.519300
370.536326
382.553352
394.570379
406.587405
418.604432
371.901614
383.918641
395.935667
407.952693
419.969720
431.986746
385.283929
397.300955
409.317982
421.335008
433.352034
445.369061
398.666243
410.683270
422.700296
434.717323
446.734349
458.751375
412.048558
424.065584
436.082611
448.099637
460.116663
472.133690
425.430872
437.447899
449.464925
461.481952
473.498978
485.516004
