323.351744
313.713394
304.075043
294.436692
284.798342
275.159991
324.674788
315.036437
305.398087
295.759736
286.121385
276.483035
325.997831
316.359481
306.721130
297.082779
287.444429
277.806078
327.320875
317.682524
308.044173
298.405823
288.767472
279.129122
328.643918
319.005568
309.367217
299.728866
290.090516
280.452165
329.966962
320.328611
310.690260
301.051910
291.413559
281.775209
331.290005
321.651654
312.013304
302.374953
292.736603
283.098252
332.613048
322.974698
313.336347
303.697997
294.059646
284.421295
333.936092
324.297741
314.659391
305.021040
295.382689
285.744339
