366.738335
364.651786
362.565238
360.478689
358.392140
356.305591
383.429777
381.343228
379.256680
377.170131
375.083582
372.997033
400.121219
398.034670
395.948122
393.861573
391.775024
389.688475
416.812661
414.726112
412.639564
410.553015
408.466466
406.379917
433.504103
431.417554
429.331006
427.244457
425.157908
423.071359
450.195545
448.108996
446.022448
443.935899
441.849350
439.762801
466.886987
464.800438
462.713890
460.627341
458.540792
456.454243
483.578429
481.491880
479.405332
477.318783
475.232234
473.145685
500.269871
498.183322
496.096773
494.010225
491.923676
489.837127
