357.239331
359.780951
364.025722
369.915017
377.371850
386.305458
351.048679
353.634795
357.952458
363.940044
371.516822
380.587890
346.555061
349.174461
353.546599
359.607551
367.273719
376.447045
343.825023
346.465063
350.870964
356.977347
364.698807
373.935306
342.900688
345.547790
349.965239
356.087155
363.827508
373.085579
343.796622
346.436878
350.843133
356.949993
364.672032
373.909193
346.498705
349.118528
353.491357
359.553241
367.220542
376.395165
350.965224
353.551951
357.870613
363.859545
371.437965
380.510914
357.129982
359.672375
363.918412
369.809416
377.268337
386.204339
