418.774328
399.403749
380.033169
360.662589
341.292010
321.921430
432.405081
413.034502
393.663922
374.293343
354.922763
335.552184
446.035834
426.665255
407.294675
387.924096
368.553516
349.182937
459.666587
440.296008
420.925428
401.554849
382.184269
362.813690
473.297341
453.926761
434.556182
415.185602
395.815023
376.444443
486.928094
467.557514
448.186935
428.816355
409.445776
390.075196
500.558847
481.188267
461.817688
442.447108
423.076529
403.705949
514.189600
494.819021
475.448441
456.077862
436.707282
417.336702
527.820353
508.449774
489.079194
469.708615
450.338035
430.967456
