293.908257
304.833048
315.757840
326.682631
337.607422
348.532214
296.761911
307.686702
318.611493
329.536284
340.461076
351.385867
299.615564
310.540355
321.465147
332.389938
343.314729
354.239521
302.469218
313.394009
324.318800
335.243592
346.168383
357.093174
305.322871
316.247663
327.172454
338.097245
349.022036
359.946828
308.176525
319.101316
330.026107
340.950899
351.875690
362.800481
311.030178
321.954970
332.879761
343.804552
354.729344
365.654135
313.883832
324.808623
335.733414
346.658206
357.582997
368.507788
316.737485
327.662277
338.587068
349.511859
360.436651
371.361442
