380.334538
376.413144
374.124777
373.499454
374.545506
377.249029
367.578903
363.519935
361.149882
360.502054
361.585708
364.385398
356.123768
351.932709
349.484085
348.814591
349.934441
352.826596
346.098290
341.784318
339.262456
338.572751
339.726362
342.704676
337.629849
333.206255
330.618968
329.911194
331.094986
334.150241
330.838032
326.322382
323.680075
322.957094
324.166282
327.286223
325.827703
321.241631
318.557184
317.822549
319.051197
322.220670
322.681856
318.050427
315.338814
314.596665
315.837862
319.039259
321.455236
316.805875
314.083518
313.338395
314.584557
317.798580
