376.828030
371.643884
368.088290
366.208686
366.030892
367.557378
390.347228
385.345003
381.916985
380.105769
379.934479
381.405323
404.959940
400.140432
396.840242
395.097444
394.932656
396.347846
420.552193
415.913404
412.739351
411.063966
410.905581
412.265945
437.019154
432.556995
429.505956
427.896224
427.744072
429.051050
454.265710
449.974608
447.042459
445.496097
445.349958
446.605416
472.206448
468.079846
465.261813
463.776204
463.635826
464.841900
490.765243
486.795991
484.086923
482.659260
482.524376
483.683353
509.874610
506.055265
503.449842
502.077241
501.947575
503.061806
