299.599232
313.159059
326.718886
340.278712
353.838539
367.398366
308.047807
321.607634
335.167461
348.727287
362.287114
375.846941
316.496382
330.056209
343.616035
357.175862
370.735689
384.295516
324.944957
338.504784
352.064610
365.624437
379.184264
392.744091
333.393532
346.953358
360.513185
374.073012
387.632839
401.192666
341.842107
355.401933
368.961760
382.521587
396.081414
409.641241
350.290681
363.850508
377.410335
390.970162
404.529989
418.089816
358.739256
372.299083
385.858910
399.418737
412.978564
426.538391
367.187831
380.747658
394.307485
407.867312
421.427139
434.986966
