328.343954
342.586160
356.828366
371.070572
385.312777
399.554983
339.645676
353.887882
368.130088
382.372294
396.614499
410.856705
350.947398
365.189604
379.431810
393.674016
407.916221
422.158427
362.249120
376.491326
390.733532
404.975738
419.217943
433.460149
373.550842
387.793048
402.035254
416.277460
430.519665
444.761871
384.852564
399.094770
413.336976
427.579182
441.821387
456.063593
396.154286
410.396492
424.638698
438.880904
453.123109
467.365315
407.456008
421.698214
435.940420
450.182626
464.424831
478.667037
418.757730
432.999936
447.242142
461.484348
475.726553
489.968759
