419.250571
413.753071
409.709856
407.164252
406.144421
406.661841
400.345392
394.584585
390.342871
387.670117
386.598864
387.142408
382.141104
376.101563
371.648958
368.840766
367.714662
368.286078
364.742669
358.410068
353.734843
350.783269
349.599005
350.199980
348.270880
341.633090
336.725007
333.622980
332.377579
333.009636
332.863331
325.911889
320.763342
317.505408
316.196531
316.860866
318.674423
311.406407
306.013909
302.597216
301.223567
301.920850
305.873796
298.294052
292.660048
289.085569
287.647403
288.377514
294.642445
286.765989
280.900863
277.174777
275.674481
276.436216
