368.928391
371.779572
374.630753
377.481935
380.333116
383.184297
358.112804
360.963986
363.815167
366.666349
369.517530
372.368711
347.297218
350.148400
352.999581
355.850762
358.701944
361.553125
336.481632
339.332814
342.183995
345.035176
347.886358
350.737539
325.666046
328.517227
331.368409
334.219590
337.070772
339.921953
314.850460
317.701641
320.552823
323.404004
326.255185
329.106367
304.034874
306.886055
309.737237
312.588418
315.439599
318.290781
293.219288
296.070469
298.921650
301.772832
304.624013
307.475195
282.403702
285.254883
288.106064
290.957246
293.808427
296.659608
