352.712525
335.472825
319.261504
304.242993
290.602289
278.541885
365.616608
349.014893
333.462572
319.113112
306.135704
294.711657
379.730014
363.772971
348.879157
335.190330
322.859797
312.048618
394.923110
379.605261
365.357421
352.309433
340.599219
330.369065
411.076199
396.383063
382.760270
370.325959
359.203573
349.518380
428.080624
413.991440
400.967335
389.115272
378.545355
369.367672
445.838984
432.328916
419.874008
408.570770
398.517208
389.810026
464.264773
451.306626
439.389988
428.601742
419.029050
410.756906
483.281655
470.847162
459.437635
449.131197
440.005368
432.134950
