418.940241
399.424582
380.551006
362.419839
345.148101
328.871225
432.600515
413.729715
395.539314
378.127518
361.606819
346.104844
447.242089
429.015801
411.501676
394.794504
379.001018
364.240090
462.771830
445.181803
428.329207
412.304476
397.207820
383.148957
479.103378
462.135389
445.923973
430.554597
416.120574
402.722490
496.157562
479.793079
464.198739
449.454715
435.647349
422.868400
513.862440
498.079992
483.076340
468.926243
455.709220
443.508697
532.153067
516.929356
502.488836
488.900912
476.238567
464.577490
550.971113
536.281865
522.376598
509.319528
497.177487
486.019058
