390.891112
377.481036
364.070961
350.660885
337.250809
323.840734
395.896254
382.486179
369.076103
355.666028
342.255952
328.845877
400.901397
387.491321
374.081246
360.671170
347.261095
333.851019
405.906540
392.496464
379.086389
365.676313
352.266237
338.856162
410.911682
397.501607
384.091531
370.681456
357.271380
343.861305
415.916825
402.506749
389.096674
375.686598
362.276523
348.866447
420.921968
407.511892
394.101817
380.691741
367.281665
353.871590
425.927110
412.517035
399.106959
385.696884
372.286808
358.876733
430.932253
417.522177
404.112102
390.702026
377.291951
363.881875
