370.682860
365.294469
359.906079
354.517688
349.129297
343.740906
357.896536
352.508145
347.119754
341.731363
336.342972
330.954582
345.110211
339.721820
334.333429
328.945039
323.556648
318.168257
332.323886
326.935495
321.547105
316.158714
310.770323
305.381932
319.537561
314.149171
308.760780
303.372389
297.983998
292.595608
306.751237
301.362846
295.974455
290.586064
285.197674
279.809283
293.964912
288.576521
283.188131
277.799740
272.411349
267.022958
281.178587
275.790197
270.401806
265.013415
259.625024
254.236633
268.392263
263.003872
257.615481
252.227090
246.838700
241.450309
