385.974861
395.383398
406.115095
418.068067
431.140751
445.234529
393.696267
402.924545
413.460552
425.207086
438.066781
451.944624
402.823669
411.847480
422.160852
433.671792
446.287645
459.917493
413.263917
422.064573
432.134172
443.386266
455.733277
469.088753
424.920254
433.484326
443.294597
454.270336
466.329258
479.389628
437.695533
446.014370
455.554889
466.242100
477.999094
490.748991
451.494781
459.563897
468.828769
479.220046
490.666171
503.095150
466.227085
474.045497
483.032682
493.124741
504.255341
516.357325
481.806862
489.376430
498.087070
507.880072
518.694135
530.466818
