385.724381
380.496459
376.857816
374.854733
374.513456
375.838511
368.094091
362.612076
358.792106
356.687585
356.328909
357.721328
351.359107
345.611748
341.601724
339.390624
339.013648
340.476888
335.653370
329.632284
325.425414
323.103633
322.707632
324.244465
321.127929
314.829167
310.421749
307.986883
307.571419
309.183498
307.949848
301.375790
296.768638
294.220805
293.785875
295.473176
296.298956
289.460410
284.660476
282.003271
281.549467
283.309654
286.361718
279.279952
274.301931
271.543379
271.072065
272.899839
278.321749
271.029987
265.897558
263.050887
262.564329
264.450912
