308.898679
322.194430
335.490182
348.785933
362.081684
375.377436
322.125114
335.420865
348.716616
362.012368
375.308119
388.603870
335.351548
348.647300
361.943051
375.238802
388.534553
401.830305
348.577983
361.873734
375.169485
388.465237
401.760988
415.056739
361.804418
375.100169
388.395920
401.691671
414.987423
428.283174
375.030852
388.326603
401.622355
414.918106
428.213857
441.509608
388.257287
401.553038
414.848789
428.144540
441.440292
454.736043
401.483721
414.779473
428.075224
441.370975
454.666726
467.962478
414.710156
428.005907
441.301658
454.597410
467.893161
481.188912
