314.071484
296.024968
279.053160
263.363913
249.199588
236.833949
325.395587
308.013267
291.739708
276.770557
263.328361
251.657923
338.191779
321.502043
305.946806
291.707614
278.986051
267.998323
352.299688
336.310800
321.472921
307.952469
295.930072
285.594979
367.568308
352.273112
338.136407
325.309259
313.952223
304.229984
383.859156
369.239403
355.777488
343.609524
332.877439
323.724071
401.047682
387.077676
374.257948
362.710485
352.560322
343.931192
419.023429
405.672920
393.459531
382.492205
372.880908
364.732855
437.689416
424.925769
413.281736
402.854413
393.740476
386.032961
