386.103452
375.144319
365.568933
357.488502
351.006287
346.212071
369.962830
358.510642
348.478500
339.992131
333.169677
328.114947
354.850836
342.894299
332.391162
323.483028
316.304685
310.975945
340.904292
328.440437
317.459454
308.119927
300.574906
294.962130
328.271772
315.308961
303.853789
294.082488
286.167598
280.266442
317.110354
303.671469
291.759739
281.569050
273.291994
267.106530
307.580228
293.705603
281.372290
270.790971
262.173863
255.719610
299.836983
285.586416
272.886397
261.962535
253.044965
246.351657
294.021830
279.474903
266.483781
255.286095
246.126745
239.239961
