416.617766
414.900651
414.686313
415.977074
418.759016
423.002721
398.245831
396.449152
396.224832
397.575534
400.485322
404.920586
380.629901
378.749666
378.514857
379.928526
382.972417
387.608127
363.879789
361.912543
361.666803
363.146064
366.329431
371.173059
348.120496
346.063676
345.806674
347.353485
350.680240
355.737008
333.492518
331.344906
331.076479
332.691783
336.163666
341.435496
320.150962
317.913237
317.633459
319.316774
322.932485
328.416774
308.262904
305.938238
305.647499
307.396456
311.150717
316.839007
298.002344
295.596997
295.296076
297.105975
300.988618
306.865338
