390.909291
380.176817
369.444343
358.711869
347.979395
337.246921
405.249107
394.516633
383.784159
373.051685
362.319211
351.586737
419.588924
408.856450
398.123976
387.391502
376.659028
365.926554
433.928740
423.196266
412.463792
401.731318
390.998844
380.266370
448.268557
437.536083
426.803609
416.071135
405.338661
394.606187
462.608373
451.875899
441.143425
430.410951
419.678477
408.946003
476.948190
466.215716
455.483242
444.750768
434.018294
423.285820
491.288006
480.555532
469.823058
459.090584
448.358110
437.625636
505.627823
494.895349
484.162875
473.430401
462.697927
451.965453
