271.609009
272.484698
275.634482
280.981894
288.404719
297.747777
285.087595
285.922007
288.925338
294.031135
301.132471
310.092280
300.047364
300.840285
303.696122
308.557598
315.331965
323.899221
316.278206
317.030536
319.741798
324.362875
330.813742
338.989954
333.594645
334.308007
336.880247
341.269333
347.406412
355.200890
351.836425
352.512875
354.953214
359.121485
364.958488
372.385761
370.867029
371.508829
373.825183
377.785289
383.338208
390.415981
390.571167
391.180641
393.381177
397.146330
402.432186
409.179816
410.851944
411.431376
413.524164
417.107529
422.143516
428.580920
