377.203261
366.106441
355.009622
343.912803
332.815983
321.719164
364.398638
353.301818
342.204999
331.108180
320.011360
308.914541
351.594015
340.497195
329.400376
318.303557
307.206737
296.109918
338.789392
327.692572
316.595753
305.498934
294.402114
283.305295
325.984768
314.887949
303.791130
292.694310
281.597491
270.500672
313.180145
302.083326
290.986507
279.889687
268.792868
257.696049
300.375522
289.278703
278.181884
267.085064
255.988245
244.891426
287.570899
276.474080
265.377261
254.280441
243.183622
232.086803
274.766276
263.669457
252.572638
241.475818
230.378999
219.282180
