406.842244
422.369221
438.772043
455.956197
473.836681
492.337636
404.675548
420.282579
436.763773
454.023943
471.977635
490.548708
404.047010
419.677416
436.181477
453.463812
471.438836
490.030329
404.963794
420.560128
437.030856
454.280878
472.224802
490.786522
407.415466
422.921398
439.303604
456.467746
474.328948
492.811422
411.374585
426.736683
442.977814
460.004882
477.733857
496.089494
416.798197
431.967457
448.019008
464.861462
482.411988
500.596118
423.630056
438.563076
454.381689
470.996673
488.326749
506.298490
431.803325
446.463055
462.011262
478.361321
495.433851
513.156748
