307.217059
297.957684
288.698310
279.438935
270.179561
260.920186
328.400846
319.141471
309.882097
300.622722
291.363348
282.103973
349.584633
340.325258
331.065883
321.806509
312.547134
303.287760
370.768419
361.509045
352.249670
342.990296
333.730921
324.471547
391.952206
382.692832
373.433457
364.174083
354.914708
345.655334
413.135993
403.876619
394.617244
385.357870
376.098495
366.839121
434.319780
425.060406
415.801031
406.541657
397.282282
388.022908
455.503567
446.244193
436.984818
427.725444
418.466069
409.206695
476.687354
467.427980
458.168605
448.909231
439.649856
430.390482
