323.992688
329.528533
336.833559
345.795661
356.289813
368.185040
319.185307
324.803099
332.212048
341.295528
351.923898
363.961841
316.286672
321.955046
329.428055
338.586231
349.297049
361.422496
315.349422
321.034344
328.528297
337.710874
348.448600
360.602578
316.390986
322.057524
329.528209
338.683677
349.391507
361.513786
319.392008
325.006226
332.410649
341.488846
352.111380
364.143126
324.298093
329.828813
337.127332
346.081826
356.567557
368.453816
331.024549
336.444712
343.602731
352.392720
362.696045
374.387785
339.463180
344.750697
351.739726
360.331275
370.413849
381.869365
