253.916052
243.270383
234.813962
228.789673
225.392618
224.741963
268.975931
258.950129
251.022483
245.396423
242.232373
241.627068
285.434303
276.006991
268.583277
263.332669
260.386660
259.823652
303.063412
294.201545
287.248441
282.345152
279.599540
279.075295
321.670828
313.335665
306.816488
302.230830
299.667470
299.178392
341.096484
333.247550
327.125430
322.828383
320.429840
319.972499
361.208391
353.805906
348.045596
344.009963
341.760110
341.331350
381.898143
374.904400
369.473175
365.674097
363.558335
363.155312
403.076769
396.456807
391.324823
387.739906
385.745191
385.365373
