383.616957
367.795609
353.037179
339.480323
327.274395
316.575693
373.319928
357.042587
341.820199
327.799769
315.141759
304.016395
364.449678
347.757398
332.109692
317.660963
304.581890
293.055912
357.112541
340.060299
324.041119
309.215599
295.763295
283.879493
351.404561
334.061081
317.739588
302.605495
288.845504
276.664716
347.406052
329.852398
313.311737
297.952822
283.967470
271.567973
345.176424
327.503288
310.837648
295.350103
281.235352
268.709812
344.750000
327.053822
310.364048
294.851627
280.711813
268.161821
346.133445
328.511798
311.900050
296.468010
282.409138
269.938069
