284.277466
273.316734
262.356002
251.395270
240.434538
229.473806
302.644863
291.684131
280.723399
269.762667
258.801935
247.841203
321.012260
310.051528
299.090796
288.130064
277.169332
266.208600
339.379657
328.418924
317.458192
306.497460
295.536728
284.575996
357.747053
346.786321
335.825589
324.864857
313.904125
302.943393
376.114450
365.153718
354.192986
343.232254
332.271522
321.310790
394.481847
383.521115
372.560383
361.599651
350.638919
339.678187
412.849244
401.888512
390.927779
379.967047
369.006315
358.045583
431.216640
420.255908
409.295176
398.334444
387.373712
376.412980
