403.045796
419.704039
436.362282
453.020525
469.678769
486.337012
402.924149
419.582392
436.240635
452.898879
469.557122
486.215365
402.802502
419.460746
436.118989
452.777232
469.435475
486.093718
402.680856
419.339099
435.997342
452.655585
469.313828
485.972071
402.559209
419.217452
435.875695
452.533938
469.192181
485.850424
402.437562
419.095805
435.754048
452.412291
469.070534
485.728778
402.315915
418.974158
435.632401
452.290644
468.948888
485.607131
402.194268
418.852511
435.510754
452.168998
468.827241
485.485484
402.072621
418.730865
435.389108
452.047351
468.705594
485.363837
