311.171160
317.003876
324.662015
334.020046
344.939644
357.277658
302.020780
308.026815
315.902652
325.512599
336.708211
349.337066
294.712764
300.864720
308.923205
318.743649
330.168866
343.038551
289.386721
295.649524
303.846356
313.825708
325.423634
338.473793
286.153343
292.485388
300.768464
310.846644
322.551706
335.713523
285.083842
291.439125
299.751114
309.862384
321.603271
334.802376
286.202477
292.533459
300.815212
310.891876
322.595296
335.755405
289.483884
295.744630
303.938897
313.915306
325.510041
338.556869
294.855864
301.004896
309.059726
318.875965
330.296606
343.161499
