234.590564
231.056555
227.522546
223.988537
220.454528
216.920519
254.034612
250.500603
246.966594
243.432585
239.898576
236.364567
273.478660
269.944651
266.410642
262.876633
259.342623
255.808614
292.922708
289.388698
285.854689
282.320680
278.786671
275.252662
312.366755
308.832746
305.298737
301.764728
298.230719
294.696710
331.810803
328.276794
324.742785
321.208776
317.674767
314.140758
351.254851
347.720842
344.186833
340.652824
337.118814
333.584805
370.698899
367.164889
363.630880
360.096871
356.562862
353.028853
390.142946
386.608937
383.074928
379.540919
376.006910
372.472901
