387.845523
387.386453
388.538772
391.288246
395.601574
401.428349
371.902203
371.423427
372.625115
375.491132
379.983821
386.046393
356.999085
356.500296
357.752113
360.736314
365.410458
371.710797
343.271679
342.752913
344.054753
347.156718
352.011223
358.547089
330.866354
330.328106
331.678718
334.895335
339.924991
346.688785
319.936935
319.380269
320.776979
324.101812
329.296368
336.274013
310.639246
310.065888
311.504364
314.927107
320.270506
327.440545
303.123473
302.535872
304.009979
307.516148
312.986094
320.319230
297.524685
296.926005
298.427824
301.998808
307.566893
315.026202
