408.113020
398.053835
387.994650
377.935465
367.876280
357.817095
392.616200
382.557015
372.497830
362.438644
352.379459
342.320274
377.119379
367.060194
357.001009
346.941824
336.882639
326.823454
361.622558
351.563373
341.504188
331.445003
321.385818
311.326633
346.125738
336.066553
326.007368
315.948183
305.888998
295.829813
330.628917
320.569732
310.510547
300.451362
290.392177
280.332992
315.132097
305.072912
295.013726
284.954541
274.895356
264.836171
299.635276
289.576091
279.516906
269.457721
259.398536
249.339351
284.138455
274.079270
264.020085
253.960900
243.901715
233.842530
