292.658327
273.560298
255.483026
238.658578
223.370224
209.953797
297.244765
278.461471
260.724243
244.261071
229.346487
216.301066
303.825616
285.475647
268.202694
252.228121
237.813719
225.259196
312.274813
294.451862
277.737716
262.344390
248.517442
236.531730
322.445519
305.217059
289.125912
274.372253
261.182835
249.805551
334.180590
317.589369
302.157818
288.072365
275.539521
264.779847
347.321495
331.388837
316.630544
303.218142
291.337573
281.183075
361.715047
346.444967
332.355917
319.604123
308.355535
298.779979
377.217881
362.601254
349.164731
337.049477
326.402650
317.372069
