372.999345
355.653156
338.306967
320.960778
303.614590
286.268401
367.556106
350.209918
332.863729
315.517540
298.171351
280.825162
362.112868
344.766679
327.420490
310.074301
292.728113
275.381924
356.669629
339.323441
321.977252
304.631063
287.284874
269.938685
351.226391
333.880202
316.534013
299.187824
281.841636
264.495447
345.783152
328.436964
311.090775
293.744586
276.398397
259.052208
340.339914
322.993725
305.647536
288.301348
270.955159
253.608970
334.896676
317.550487
300.204298
282.858109
265.511920
248.165731
329.453437
312.107248
294.761059
277.414871
260.068682
242.722493
