276.335058
259.539485
242.743912
225.948339
209.152767
192.357194
287.751712
270.956140
254.160567
237.364994
220.569422
203.773849
299.168367
282.372795
265.577222
248.781649
231.986076
215.190504
310.585022
293.789449
276.993877
260.198304
243.402731
226.607159
322.001677
305.206104
288.410532
271.614959
254.819386
238.023813
333.418332
316.622759
299.827187
283.031614
266.236041
249.440468
344.834987
328.039414
311.243841
294.448269
277.652696
260.857123
356.251642
339.456069
322.660496
305.864924
289.069351
272.273778
367.668297
350.872724
334.077151
317.281578
300.486006
283.690433
