13.056181
13.291402
14.290578
15.352476
16.273431
17.861073
12.760528
14.404147
15.203803
16.253102
16.900193
15.164049
13.165447
13.903112
14.701567
13.935797
0.000000
12.807468
12.610687
13.136273
13.833195
4.322562
4.060077
4.054424
4.245678
4.115104
4.005175
4.063822
3.844050
3.762927
3.982876
3.917008
3.799339
3.696988
3.614726
3.546342
3.763084
3.657335
3.559353
3.476045
3.418715
3.289672
3.566343
3.434889
3.381917
3.297830
3.184636
3.099271
3.403868
3.312178
3.121736
3.106369
3.005490
2.895655
