13.827417
14.009429
15.040542
16.216096
17.379641
19.494982
13.181503
14.803134
15.596440
16.725297
17.572699
16.096275
13.370398
14.055887
14.846906
14.128856
0.000000
13.406725
12.679298
13.165891
13.870343
4.358214
4.145393
4.231993
4.251531
4.115252
4.015110
4.105076
3.940046
3.949185
3.991982
3.928966
3.828872
3.762831
3.741041
3.764425
3.790219
3.694678
3.620955
3.579576
3.587215
3.546002
3.621036
3.505608
3.483538
3.445966
3.397109
3.400989
3.492278
3.422894
3.262719
3.299908
3.264711
3.239447
