3821.000000
3636.000000
3651.000000
3664.000000
3635.000000
3750.000000
3793.000000
4011.000000
3964.000000
3970.000000
3876.000000
3280.000000
4000.000000
3969.000000
3943.000000
3515.000000
0.000000
2885.000000
3938.000000
3868.000000
3842.000000
1134.000000
1009.000000
959.000000
1369.000000
1256.000000
1158.000000
1115.000000
1004.000000
940.000000
1331.000000
1244.000000
1148.000000
1065.000000
996.000000
939.000000
1307.000000
1212.000000
1127.000000
1054.000000
996.000000
925.000000
1290.000000
1190.000000
1124.000000
1054.000000
982.000000
926.000000
1284.000000
1201.000000
1090.000000
1047.000000
981.000000
919.000000
