0.000000
0.000000
943.000000
981.000000
1023.000000
0.000000
0.000000
899.000000
0.000000
962.000000
994.000000
1043.000000
849.000000
883.000000
916.000000
948.000000
976.000000
1026.000000
822.000000
0.000000
899.000000
930.000000
961.000000
999.000000
847.000000
0.000000
903.000000
0.000000
963.000000
970.000000
0.000000
0.000000
876.000000
913.000000
931.000000
963.000000
833.000000
863.000000
0.000000
906.000000
910.000000
951.000000
0.000000
0.000000
0.000000
886.000000
0.000000
954.000000
2038.000000
2101.000000
0.000000
0.000000
887.000000
926.000000
