0.000000
0.000000
0.000000
603.000000
0.000000
617.000000
629.000000
623.000000
624.000000
627.000000
0.000000
669.000000
649.000000
0.000000
0.000000
675.000000
0.000000
708.000000
691.000000
719.000000
739.000000
692.000000
775.000000
780.000000
772.000000
779.000000
791.000000
791.000000
821.000000
822.000000
835.000000
836.000000
855.000000
875.000000
898.000000
843.000000
879.000000
905.000000
919.000000
960.000000
975.000000
1029.000000
947.000000
976.000000
990.000000
986.000000
1059.000000
1088.000000
1015.000000
1057.000000
1085.000000
1028.000000
1149.000000
1172.000000
