1201.000000
1203.000000
1206.000000
1218.000000
1227.000000
1236.000000
1156.000000
1145.000000
1157.000000
1153.000000
1164.000000
1174.000000
1088.000000
1088.000000
1098.000000
1098.000000
1103.000000
1120.000000
1036.000000
1031.000000
1033.000000
1041.000000
1047.000000
1054.000000
985.000000
980.000000
982.000000
986.000000
998.000000
1001.000000
935.000000
925.000000
935.000000
938.000000
946.000000
952.000000
885.000000
0.000000
0.000000
0.000000
896.000000
896.000000
0.000000
0.000000
0.000000
0.000000
0.000000
0.000000
0.000000
0.000000
0.000000
0.000000
0.000000
812.000000
