920.000000
970.000000
1021.000000
1077.000000
1130.000000
1192.000000
895.000000
947.000000
999.000000
1049.000000
1098.000000
1157.000000
0.000000
920.000000
980.000000
1025.000000
1079.000000
1142.000000
0.000000
908.000000
961.000000
1009.000000
1067.000000
1133.000000
849.000000
897.000000
951.000000
1000.000000
1059.000000
1109.000000
0.000000
893.000000
942.000000
994.000000
1045.000000
1109.000000
0.000000
882.000000
934.000000
984.000000
1042.000000
1105.000000
0.000000
877.000000
925.000000
979.000000
1029.000000
1083.000000
829.000000
884.000000
934.000000
979.000000
1036.000000
1092.000000
