0.000000
0.000000
0.000000
847.000000
897.000000
929.000000
0.000000
0.000000
0.000000
858.000000
906.000000
944.000000
0.000000
0.000000
818.000000
869.000000
913.000000
949.000000
0.000000
0.000000
834.000000
868.000000
914.000000
963.000000
0.000000
793.000000
832.000000
884.000000
928.000000
969.000000
0.000000
808.000000
849.000000
896.000000
940.000000
979.000000
771.000000
813.000000
853.000000
904.000000
946.000000
996.000000
0.000000
822.000000
875.000000
916.000000
961.000000
1008.000000
792.000000
845.000000
885.000000
928.000000
972.000000
1027.000000
