974.000000
951.000000
0.000000
937.000000
0.000000
943.000000
0.000000
0.000000
964.000000
0.000000
958.000000
0.000000
1026.000000
0.000000
0.000000
985.000000
0.000000
979.000000
0.000000
1046.000000
1008.000000
0.000000
987.000000
0.000000
1069.000000
1048.000000
1043.000000
1033.000000
0.000000
1028.000000
1080.000000
1090.000000
1059.000000
1055.000000
1053.000000
1044.000000
1110.000000
1097.000000
1098.000000
1079.000000
1070.000000
1070.000000
1105.000000
1120.000000
1108.000000
1103.000000
1103.000000
1088.000000
2914.000000
1166.000000
1168.000000
1736.000000
1123.000000
1117.000000
