1068.000000
1023.000000
964.000000
918.000000
871.000000
838.000000
1060.000000
1004.000000
949.000000
902.000000
859.000000
802.000000
1029.000000
981.000000
939.000000
886.000000
0.000000
0.000000
1023.000000
965.000000
919.000000
870.000000
0.000000
0.000000
999.000000
954.000000
899.000000
862.000000
0.000000
0.000000
985.000000
934.000000
885.000000
0.000000
793.000000
0.000000
973.000000
920.000000
877.000000
0.000000
0.000000
0.000000
956.000000
904.000000
853.000000
809.000000
0.000000
0.000000
945.000000
881.000000
847.000000
0.000000
0.000000
0.000000
