1271.000000
1225.000000
1154.000000
1104.000000
1045.000000
1003.000000
1283.000000
1202.000000
1147.000000
1092.000000
1042.000000
995.000000
1280.000000
1212.000000
1143.000000
1089.000000
1033.000000
0.000000
1284.000000
1213.000000
1146.000000
1085.000000
1027.000000
0.000000
1277.000000
1211.000000
1142.000000
1078.000000
1025.000000
971.000000
1294.000000
1208.000000
1143.000000
1077.000000
1018.000000
0.000000
1526.000000
1224.000000
1148.000000
1073.000000
1016.000000
1633.000000
1503.000000
1503.000000
1153.000000
1078.000000
1473.000000
1542.000000
1556.000000
1257.000000
1154.000000
1095.000000
1431.000000
1504.000000
