1228.000000
1183.000000
1172.000000
1134.000000
1120.000000
1084.000000
1180.000000
1132.000000
1111.000000
1089.000000
1060.000000
1037.000000
1124.000000
1073.000000
1047.000000
1027.000000
992.000000
982.000000
1072.000000
1033.000000
994.000000
981.000000
938.000000
932.000000
1012.000000
978.000000
954.000000
922.000000
896.000000
882.000000
959.000000
927.000000
904.000000
874.000000
850.000000
828.000000
912.000000
883.000000
854.000000
0.000000
0.000000
0.000000
857.000000
832.000000
813.000000
0.000000
0.000000
0.000000
821.000000
0.000000
757.000000
0.000000
0.000000
690.000000
