932.000000
980.000000
1030.000000
1084.000000
1141.000000
1188.000000
918.000000
969.000000
1019.000000
1076.000000
1125.000000
1163.000000
911.000000
953.000000
1007.000000
1063.000000
1117.000000
1165.000000
894.000000
944.000000
1005.000000
1053.000000
1104.000000
1148.000000
899.000000
950.000000
995.000000
1055.000000
1099.000000
1154.000000
896.000000
942.000000
992.000000
1051.000000
1095.000000
1132.000000
898.000000
939.000000
993.000000
1045.000000
1093.000000
1154.000000
890.000000
940.000000
993.000000
1051.000000
1107.000000
1137.000000
909.000000
955.000000
991.000000
1057.000000
1102.000000
1156.000000
