0.000000
881.000000
905.000000
946.000000
979.000000
1022.000000
0.000000
0.000000
913.000000
950.000000
993.000000
1025.000000
0.000000
0.000000
0.000000
960.000000
994.000000
1033.000000
0.000000
0.000000
0.000000
967.000000
1006.000000
1039.000000
0.000000
0.000000
0.000000
0.000000
1007.000000
1053.000000
0.000000
0.000000
949.000000
968.000000
1016.000000
1052.000000
896.000000
0.000000
0.000000
992.000000
1025.000000
1060.000000
904.000000
935.000000
959.000000
1000.000000
1029.000000
1070.000000
913.000000
946.000000
977.000000
1002.000000
1039.000000
1079.000000
