1068.000000
1092.000000
1120.000000
1138.000000
1172.000000
1193.000000
1033.000000
1057.000000
1081.000000
1119.000000
1140.000000
1175.000000
1010.000000
1027.000000
1060.000000
1081.000000
1119.000000
1141.000000
978.000000
1006.000000
1030.000000
1059.000000
1083.000000
1115.000000
954.000000
979.000000
1009.000000
1037.000000
1055.000000
1085.000000
938.000000
952.000000
982.000000
1005.000000
1032.000000
1059.000000
913.000000
933.000000
956.000000
988.000000
1007.000000
1039.000000
0.000000
0.000000
935.000000
961.000000
987.000000
1009.000000
874.000000
0.000000
910.000000
941.000000
965.000000
989.000000
