1793.000000
1829.000000
0.000000
938.000000
904.000000
870.000000
1783.000000
1053.000000
989.000000
0.000000
0.000000
863.000000
1130.000000
1061.000000
1002.000000
944.000000
909.000000
0.000000
1136.000000
1069.000000
1012.000000
968.000000
920.000000
0.000000
1142.000000
1052.000000
1022.000000
0.000000
938.000000
908.000000
1164.000000
1088.000000
1033.000000
980.000000
0.000000
911.000000
1176.000000
1106.000000
1048.000000
1010.000000
0.000000
925.000000
1194.000000
1103.000000
1064.000000
1015.000000
978.000000
0.000000
1215.000000
1133.000000
1082.000000
1028.000000
992.000000
0.000000
