3730.000000
3736.000000
3569.000000
0.000000
0.000000
1005.000000
3738.000000
3428.000000
1205.000000
1091.000000
1000.000000
933.000000
3654.000000
1164.000000
1071.000000
991.000000
918.000000
862.000000
1136.000000
1062.000000
979.000000
925.000000
0.000000
0.000000
1063.000000
979.000000
921.000000
867.000000
825.000000
787.000000
985.000000
933.000000
878.000000
0.000000
0.000000
0.000000
928.000000
885.000000
833.000000
0.000000
741.000000
0.000000
896.000000
0.000000
820.000000
764.000000
727.000000
692.000000
0.000000
814.000000
0.000000
727.000000
0.000000
673.000000
