1694.000000
1693.000000
1628.000000
1662.000000
0.000000
1119.000000
1668.000000
1612.000000
0.000000
1116.000000
1075.000000
1057.000000
0.000000
1131.000000
1102.000000
1059.000000
984.000000
1006.000000
1119.000000
1083.000000
1046.000000
1010.000000
987.000000
960.000000
1070.000000
1035.000000
998.000000
946.000000
0.000000
0.000000
1009.000000
989.000000
0.000000
0.000000
897.000000
0.000000
981.000000
956.000000
0.000000
0.000000
873.000000
857.000000
0.000000
0.000000
899.000000
871.000000
0.000000
0.000000
913.000000
878.000000
0.000000
0.000000
0.000000
1486.000000
