0.000000
0.000000
0.000000
0.000000
0.000000
0.000000
0.000000
0.000000
0.000000
0.000000
0.000000
0.000000
0.000000
0.000000
0.000000
0.000000
0.000000
898.000000
0.000000
904.000000
907.000000
0.000000
928.000000
934.000000
937.000000
951.000000
942.000000
950.000000
964.000000
966.000000
978.000000
985.000000
982.000000
993.000000
1006.000000
1005.000000
1021.000000
1020.000000
1027.000000
1033.000000
1034.000000
1046.000000
1060.000000
1053.000000
1064.000000
1072.000000
1068.000000
1091.000000
1102.000000
1092.000000
1104.000000
1112.000000
1109.000000
1129.000000
