1208.000000
1151.000000
1091.000000
1036.000000
984.000000
937.000000
1189.000000
1136.000000
1075.000000
1022.000000
972.000000
921.000000
1182.000000
1122.000000
1067.000000
1019.000000
959.000000
913.000000
1170.000000
1119.000000
1062.000000
1006.000000
957.000000
911.000000
1173.000000
1110.000000
1053.000000
1000.000000
954.000000
0.000000
1160.000000
1108.000000
1051.000000
1003.000000
945.000000
902.000000
1164.000000
1104.000000
1049.000000
1001.000000
942.000000
897.000000
1161.000000
1109.000000
1046.000000
997.000000
947.000000
897.000000
1159.000000
1106.000000
1060.000000
1009.000000
955.000000
908.000000
