850.000000
0.000000
899.000000
907.000000
945.000000
969.000000
0.000000
843.000000
0.000000
907.000000
923.000000
957.000000
842.000000
0.000000
0.000000
0.000000
918.000000
935.000000
820.000000
0.000000
860.000000
891.000000
0.000000
929.000000
0.000000
830.000000
0.000000
0.000000
0.000000
0.000000
792.000000
829.000000
0.000000
0.000000
904.000000
912.000000
791.000000
0.000000
0.000000
839.000000
0.000000
912.000000
0.000000
0.000000
0.000000
838.000000
0.000000
0.000000
0.000000
798.000000
0.000000
0.000000
0.000000
0.000000
