1231.000000
1296.000000
1384.000000
1464.000000
3815.000000
3827.000000
1248.000000
1315.000000
1424.000000
1505.000000
3638.000000
3847.000000
1276.000000
1367.000000
1470.000000
1563.000000
3533.000000
3870.000000
1298.000000
1395.000000
1487.000000
1590.000000
1718.000000
3462.000000
1339.000000
1447.000000
1514.000000
1604.000000
1729.000000
1657.000000
1377.000000
1479.000000
1587.000000
1744.000000
1733.000000
1665.000000
1421.000000
1504.000000
1775.000000
1775.000000
1764.000000
1648.000000
1488.000000
1772.000000
1766.000000
1786.000000
1781.000000
1681.000000
1748.000000
1742.000000
1730.000000
1731.000000
1736.000000
1773.000000
