1076.000000
1052.000000
1030.000000
1007.000000
982.000000
966.000000
1062.000000
1035.000000
1015.000000
0.000000
0.000000
0.000000
1047.000000
1021.000000
1003.000000
0.000000
0.000000
0.000000
1040.000000
1014.000000
0.000000
969.000000
0.000000
0.000000
1035.000000
0.000000
0.000000
0.000000
0.000000
0.000000
1028.000000
0.000000
0.000000
0.000000
0.000000
0.000000
1019.000000
1000.000000
0.000000
0.000000
0.000000
0.000000
1028.000000
1001.000000
969.000000
0.000000
0.000000
0.000000
1021.000000
997.000000
980.000000
966.000000
936.000000
921.000000
