970.000000
989.000000
1008.000000
1030.000000
1048.000000
1073.000000
976.000000
979.000000
997.000000
1023.000000
1045.000000
1069.000000
969.000000
981.000000
0.000000
1017.000000
1045.000000
1064.000000
0.000000
0.000000
1005.000000
1015.000000
1042.000000
1058.000000
0.000000
0.000000
0.000000
1017.000000
0.000000
1058.000000
0.000000
0.000000
0.000000
1008.000000
1030.000000
1056.000000
0.000000
973.000000
0.000000
1005.000000
1033.000000
1052.000000
0.000000
981.000000
991.000000
0.000000
1028.000000
1055.000000
971.000000
983.000000
999.000000
1008.000000
1041.000000
1050.000000
