946.000000
924.000000
910.000000
0.000000
0.000000
0.000000
982.000000
956.000000
941.000000
0.000000
0.000000
893.000000
1025.000000
997.000000
979.000000
958.000000
948.000000
924.000000
1065.000000
1041.000000
1015.000000
997.000000
983.000000
966.000000
1107.000000
1080.000000
1059.000000
1034.000000
1019.000000
1004.000000
1142.000000
1126.000000
1098.000000
1083.000000
1063.000000
1046.000000
1190.000000
1166.000000
1146.000000
1126.000000
1103.000000
1089.000000
1239.000000
1216.000000
1188.000000
1168.000000
1158.000000
1134.000000
1287.000000
1262.000000
1240.000000
1217.000000
1193.000000
1183.000000
