1360.000000
1266.000000
1221.000000
1151.000000
1169.000000
0.000000
1410.000000
1324.000000
1244.000000
1235.000000
0.000000
1887.000000
1445.000000
1368.000000
1335.000000
0.000000
1722.000000
1782.000000
1530.000000
1456.000000
1613.000000
1694.000000
1680.000000
1670.000000
1609.000000
1560.000000
1457.000000
1677.000000
1661.000000
1650.000000
1548.000000
1526.000000
1414.000000
1625.000000
1630.000000
1629.000000
1516.000000
1450.000000
1455.000000
0.000000
1664.000000
1646.000000
1554.000000
1535.000000
1597.000000
1733.000000
1736.000000
1680.000000
1669.000000
1567.000000
1599.000000
1679.000000
1738.000000
1727.000000
