1738.000000
1112.000000
1092.000000
1076.000000
1058.000000
0.000000
1079.000000
1056.000000
1039.000000
1022.000000
1019.000000
1014.000000
1036.000000
1015.000000
1004.000000
987.000000
990.000000
982.000000
0.000000
995.000000
964.000000
964.000000
951.000000
935.000000
0.000000
966.000000
949.000000
0.000000
0.000000
923.000000
0.000000
952.000000
937.000000
0.000000
906.000000
905.000000
0.000000
928.000000
911.000000
0.000000
910.000000
0.000000
0.000000
0.000000
0.000000
0.000000
904.000000
0.000000
922.000000
901.000000
884.000000
888.000000
882.000000
0.000000
