387.596492
375.498120
363.399747
351.301375
339.203002
327.104630
386.162375
374.064003
361.965631
349.867258
337.768886
325.670513
384.728259
372.629886
360.531514
348.433141
336.334769
324.236397
383.294142
371.195770
359.097397
346.999025
334.900652
322.802280
381.860026
369.761653
357.663281
345.564908
333.466536
321.368163
380.425909
368.327537
356.229164
344.130792
332.032419
319.934047
378.991792
366.893420
354.795047
342.696675
330.598303
318.499930
377.557676
365.459303
353.360931
341.262558
329.164186
317.065814
376.123559
364.025187
351.926814
339.828442
327.730069
315.631697
