323.369886
338.097696
352.825506
367.553315
382.281125
397.008935
323.149645
337.877454
352.605264
367.333074
382.060884
396.788693
322.929403
337.657213
352.385022
367.112832
381.840642
396.568452
322.709161
337.436971
352.164781
366.892591
381.620400
396.348210
322.488920
337.216729
351.944539
366.672349
381.400159
396.127968
322.268678
336.996488
351.724297
366.452107
381.179917
395.907727
322.048436
336.776246
351.504056
366.231866
380.959675
395.687485
321.828195
336.556004
351.283814
366.011624
380.739434
395.467243
321.607953
336.335763
351.063573
365.791382
380.519192
395.247002
