298.425606
310.520794
322.615982
334.711170
346.806357
358.901545
302.498512
314.593699
326.688887
338.784075
350.879263
362.974451
306.571417
318.666605
330.761793
342.856981
354.952168
367.047356
310.644323
322.739510
334.834698
346.929886
359.025074
371.120262
314.717228
326.812416
338.907604
351.002792
363.097979
375.193167
318.790134
330.885321
342.980509
355.075697
367.170885
379.266073
322.863039
334.958227
347.053415
359.148603
371.243790
383.338978
326.935945
339.031132
351.126320
363.221508
375.316696
387.411884
331.008850
343.104038
355.199226
367.294414
379.389601
391.484789
