375.016248
356.390300
338.586629
321.741767
306.014092
291.584437
372.959916
354.225858
336.307624
319.342571
303.490588
288.934935
372.573498
353.818981
335.879042
318.891189
303.015593
288.435971
373.862173
355.175708
337.307936
320.395853
304.598691
290.098642
376.808754
358.276006
340.570927
323.829300
308.208169
293.886261
381.374815
363.075212
345.616071
329.131172
313.774103
299.718280
387.503113
369.507134
352.366828
336.213089
321.194802
307.478390
395.120963
377.488324
360.727452
344.965439
330.345294
317.025035
404.144143
386.922922
370.589000
355.264784
341.086391
328.202355
