415.711634
400.420311
386.143352
372.997254
361.105545
350.595889
407.782430
392.182066
377.593745
364.139120
351.948238
341.156599
401.256598
385.392164
370.536615
356.815984
344.365953
333.328925
396.203489
380.128225
365.058531
351.123901
338.464558
327.228544
392.679962
376.454267
361.231336
347.143113
334.333074
322.953351
390.727398
374.417097
359.107819
344.932876
332.037576
320.576379
390.369373
374.043460
358.718236
344.527265
331.616192
320.139910
391.610258
375.338324
360.068217
345.932629
333.076037
321.651845
394.434965
378.284556
363.138359
349.127099
336.392619
325.085000
