292.720516
297.317460
301.914404
306.511349
311.108293
315.705237
308.482442
313.079386
317.676330
322.273274
326.870218
331.467163
324.244367
328.841311
333.438256
338.035200
342.632144
347.229088
340.006293
344.603237
349.200181
353.797125
358.394069
362.991014
355.768218
360.365162
364.962107
369.559051
374.155995
378.752939
371.530144
376.127088
380.724032
385.320976
389.917921
394.514865
387.292069
391.889013
396.485958
401.082902
405.679846
410.276790
403.053995
407.650939
412.247883
416.844827
421.441772
426.038716
418.815920
423.412865
428.009809
432.606753
437.203697
441.800641
