383.488986
374.548511
367.095863
361.223141
357.008323
354.510547
386.543097
377.674927
370.285209
364.463882
360.286978
357.812090
391.174295
382.413538
375.117181
369.372014
365.251242
362.810219
397.327437
388.705387
381.529374
375.882226
371.833610
369.436082
404.933150
396.476533
389.443740
383.913026
379.949992
377.604002
413.911367
405.641966
398.770849
393.371294
389.504506
387.216406
424.174944
416.109563
409.414159
404.156824
400.394210
398.168694
435.633041
427.783744
421.273921
416.166435
412.513378
410.353594
448.194054
440.568604
434.250481
429.297409
425.757032
423.664768
