404.411836
400.077694
397.272438
396.028558
396.360754
398.265082
402.364971
398.008541
395.188597
393.938137
394.272095
396.186463
401.865908
397.504008
394.680459
393.428384
393.762774
395.679606
402.920396
398.570036
395.754093
394.505426
394.838904
396.750537
405.516316
401.194107
398.396712
397.156353
397.487606
399.386562
409.624365
405.345962
402.577418
401.349980
401.677775
403.557014
415.199660
410.979302
408.248962
407.038627
407.361844
409.214981
422.184077
418.034238
415.350277
414.160695
414.478359
416.299818
430.509039
426.440220
423.809497
422.643725
422.955018
424.740128
