352.846250
346.082164
339.318078
332.553991
325.789905
319.025819
359.811731
353.047644
346.283558
339.519472
332.755385
325.991299
366.777211
360.013125
353.249038
346.484952
339.720866
332.956779
373.742691
366.978605
360.214519
353.450432
346.686346
339.922260
380.708171
373.944085
367.179999
360.415913
353.651826
346.887740
387.673652
380.909565
374.145479
367.381393
360.617307
353.853220
394.639132
387.875046
381.110959
374.346873
367.582787
360.818701
401.604612
394.840526
388.076440
381.312353
374.548267
367.784181
408.570093
401.806006
395.041920
388.277834
381.513747
374.749661
