385.601145
368.628188
352.612024
337.688817
324.009622
311.738245
382.927507
365.830526
349.686248
334.632590
320.823111
308.424977
381.875253
364.728950
348.533650
333.427958
319.566427
307.117566
382.457765
365.338801
349.171789
334.094951
320.262290
307.841570
384.667616
367.651564
351.590914
336.622443
322.898075
310.582783
388.477036
371.635447
355.754696
340.969063
327.426939
315.288595
393.839613
377.237510
361.602872
347.066470
333.771828
321.872849
400.692991
384.387007
369.055375
354.824418
341.831634
330.223203
408.962231
392.999497
378.017331
364.136788
351.488405
340.209637
