304.969252
308.684705
314.350520
321.863717
331.098557
341.915570
315.915038
319.503230
324.980486
332.253396
341.207153
351.713412
328.402768
331.855964
337.132590
344.148784
352.800777
362.971612
342.263707
345.578425
350.648613
357.399570
365.738233
375.558860
357.338092
360.514236
365.377226
371.860887
379.882248
389.346278
373.479020
376.519032
381.177890
387.397194
395.103263
404.211073
390.554280
393.462385
397.922920
403.884455
411.281723
420.038877
408.446707
411.228300
415.498156
421.211016
428.309144
436.724999
427.053602
429.714768
433.802702
439.277574
446.088320
454.174847
