407.417685
413.800345
421.571205
430.655125
440.970965
452.434467
389.583035
396.253071
404.361289
413.823159
424.548187
436.443259
372.573096
379.542181
387.999771
397.850950
408.995029
421.329431
356.505936
363.782955
372.598435
382.846117
394.414382
407.190692
341.514646
349.104295
358.281125
368.926713
380.917938
394.131997
327.746891
335.648000
345.182756
356.220003
368.624804
382.264047
315.362958
323.566609
333.447006
344.860061
357.659079
371.700918
304.531716
313.019363
323.222334
334.983929
348.146216
362.556676
295.423995
304.165896
314.656079
326.726190
340.208111
354.941001
