355.455887
345.433815
335.411743
325.389671
315.367599
305.345527
340.567888
330.545816
320.523743
310.501671
300.479599
290.457527
325.679888
315.657816
305.635744
295.613672
285.591600
275.569528
310.791889
300.769817
290.747744
280.725672
270.703600
260.681528
295.903889
285.881817
275.859745
265.837673
255.815601
245.793528
281.015890
270.993817
260.971745
250.949673
240.927601
230.905529
266.127890
256.105818
246.083746
236.061674
226.039602
216.017529
251.239891
241.217818
231.195746
221.173674
211.151602
201.129530
236.351891
226.329819
216.307747
206.285675
196.263602
186.241530
