397.865926
404.722131
412.980280
422.558185
433.368351
445.321048
393.787016
400.713017
409.052112
418.719881
429.626636
441.680603
391.266063
398.235911
406.625809
416.349921
427.317172
439.434493
390.333256
397.319468
405.728317
415.473436
426.463227
438.604141
390.999961
397.974469
406.369765
416.099861
427.073533
439.197576
393.258043
400.193199
408.542905
418.222445
429.141843
441.209054
397.080354
403.949892
412.223512
421.818601
432.647247
444.619330
402.422323
409.202192
417.371708
426.851087
437.555207
449.396559
409.224443
415.893439
423.934029
433.269857
443.819195
455.497734
