391.035223
378.881051
366.726879
354.572707
342.418534
330.264362
389.065524
376.911352
364.757180
352.603008
340.448836
328.294663
387.095825
374.941653
362.787481
350.633309
338.479137
326.324965
385.126127
372.971954
360.817782
348.663610
336.509438
324.355266
383.156428
371.002256
358.848083
346.693911
334.539739
322.385567
381.186729
369.032557
356.878385
344.724212
332.570040
320.415868
379.217030
367.062858
354.908686
342.754514
330.600341
318.446169
377.247331
365.093159
352.938987
340.784815
328.630643
316.476470
375.277632
363.123460
350.969288
338.815116
326.660944
314.506772
