456.231675
446.054118
435.876561
425.699004
415.521447
405.343890
457.516516
447.338959
437.161402
426.983845
416.806288
406.628731
458.801357
448.623800
438.446243
428.268686
418.091129
407.913573
460.086199
449.908642
439.731085
429.553528
419.375971
409.198414
461.371040
451.193483
441.015926
430.838369
420.660812
410.483255
462.655882
452.478325
442.300768
432.123211
421.945654
411.768097
463.940723
453.763166
443.585609
433.408052
423.230495
413.052938
465.225564
455.048007
444.870450
434.692893
424.515336
414.337779
466.510406
456.332849
446.155292
435.977735
425.800178
415.622621
