417.906693
409.158541
400.410388
391.662236
382.914084
374.165932
430.373845
421.625693
412.877541
404.129388
395.381236
386.633084
442.840997
434.092845
425.344693
416.596540
407.848388
399.100236
455.308149
446.559997
437.811845
429.063693
420.315540
411.567388
467.775302
459.027149
450.278997
441.530845
432.782693
424.034540
480.242454
471.494302
462.746149
453.997997
445.249845
436.501693
492.709606
483.961454
475.213301
466.465149
457.716997
448.968845
505.176758
496.428606
487.680454
478.932301
470.184149
461.435997
517.643910
508.895758
500.147606
491.399454
482.651301
473.903149
