323.938876
332.133973
340.329069
348.524165
356.719261
364.914358
329.235079
337.430175
345.625271
353.820367
362.015464
370.210560
334.531281
342.726377
350.921474
359.116570
367.311666
375.506762
339.827483
348.022580
356.217676
364.412772
372.607869
380.802965
345.123686
353.318782
361.513878
369.708975
377.904071
386.099167
350.419888
358.614984
366.810081
375.005177
383.200273
391.395370
355.716090
363.911187
372.106283
380.301379
388.496476
396.691572
361.012293
369.207389
377.402485
385.597582
393.792678
401.987774
366.308495
374.503591
382.698688
390.893784
399.088880
407.283977
