419.312727
409.643585
401.301098
394.369465
388.924130
385.028159
405.940259
395.944690
387.307245
380.120515
374.468036
370.420050
393.702711
383.388222
374.461256
367.023074
361.165669
356.966867
382.708970
372.089854
362.885055
355.204543
349.148924
344.803821
373.069010
362.167351
352.703692
344.796459
338.554725
334.071858
364.890144
353.736513
344.041022
335.929946
329.520307
324.912814
358.272449
346.906114
337.014177
328.729767
322.176914
317.462860
353.303663
341.772121
331.727127
323.307270
316.642218
311.844510
350.054009
338.411751
328.263945
319.752907
313.012181
308.157962
