364.624288
378.746815
392.869343
406.991870
421.114398
435.236925
376.431342
390.553869
404.676397
418.798924
432.921452
447.043979
388.238396
402.360923
416.483451
430.605978
444.728506
458.851033
400.045450
414.167977
428.290505
442.413032
456.535560
470.658087
411.852503
425.975031
440.097559
454.220086
468.342614
482.465141
423.659557
437.782085
451.904612
466.027140
480.149667
494.272195
435.466611
449.589139
463.711666
477.834194
491.956721
506.079249
447.273665
461.396193
475.518720
489.641248
503.763775
517.886303
459.080719
473.203247
487.325774
501.448302
515.570829
529.693357
