332.430858
336.407015
342.168209
349.626210
358.675189
369.198178
336.855823
340.780353
346.468834
353.836201
362.780182
373.187439
343.050164
346.904625
352.494288
359.738275
368.539049
378.788113
350.920198
354.689144
360.158011
367.250863
375.875778
385.930051
360.356150
364.027415
369.358041
376.277512
384.700104
394.529560
371.238636
374.803320
379.982805
386.712214
394.912319
404.493688
383.444513
386.896754
391.916448
398.444357
406.407812
415.724324
396.851691
400.188291
405.043296
411.362949
419.080994
428.121809
411.342721
414.562707
419.251287
425.359901
432.828429
441.587877
