369.011445
381.924492
394.837540
407.750588
420.663635
433.576683
358.491473
371.404520
384.317568
397.230616
410.143663
423.056711
347.971501
360.884549
373.797596
386.710644
399.623692
412.536739
337.451529
350.364577
363.277624
376.190672
389.103720
402.016767
326.931557
339.844605
352.757653
365.670700
378.583748
391.496795
316.411585
329.324633
342.237681
355.150728
368.063776
380.976824
305.891613
318.804661
331.717709
344.630756
357.543804
370.456852
295.371642
308.284689
321.197737
334.110785
347.023832
359.936880
284.851670
297.764717
310.677765
323.590813
336.503860
349.416908
