413.758243
399.010459
385.321696
372.808627
361.593329
351.799940
405.842067
390.795658
376.808584
364.002983
352.507637
342.454519
399.336553
384.035344
369.792656
356.735295
344.997875
334.719280
394.311529
378.807398
364.360409
351.101083
339.168738
328.707919
390.824105
375.175884
360.583425
347.179881
335.107941
324.516248
388.915647
373.187410
358.514025
345.030098
332.880206
322.215292
388.609418
372.868264
358.181805
344.684882
332.522376
321.845605
389.909193
374.222717
359.591580
346.149631
334.040462
323.413811
392.799030
377.232741
362.723040
349.401583
337.409142
326.892019
