305.642543
315.603353
325.564164
335.524975
345.485785
355.446596
297.065852
307.026663
316.987473
326.948284
336.909095
346.869905
288.489162
298.449972
308.410783
318.371594
328.332404
338.293215
279.912471
289.873282
299.834092
309.794903
319.755714
329.716524
271.335780
281.296591
291.257402
301.218213
311.179023
321.139834
262.759090
272.719901
282.680711
292.641522
302.602333
312.563143
254.182399
264.143210
274.104021
284.064831
294.025642
303.986453
245.605709
255.566520
265.527330
275.488141
285.448952
295.409762
237.029018
246.989829
256.950640
266.911450
276.872261
286.833072
