357.648747
340.819016
323.989284
307.159553
290.329822
273.500090
361.770697
344.940965
328.111234
311.281502
294.451771
277.622040
365.892646
349.062914
332.233183
315.403452
298.573720
281.743989
370.014595
353.184864
336.355132
319.525401
302.695670
285.865938
374.136545
357.306813
340.477082
323.647350
306.817619
289.987888
378.258494
361.428763
344.599031
327.769300
310.939568
294.109837
382.380443
365.550712
348.720980
331.891249
315.061518
298.231786
386.502393
369.672661
352.842930
336.013198
319.183467
302.353736
390.624342
373.794611
356.964879
340.135148
323.305416
306.475685
