338.599915
339.818246
342.859998
347.677316
354.197762
362.329398
352.007150
353.179235
356.106880
360.747346
367.035674
374.888949
366.630830
367.756310
370.568808
375.030371
381.083085
388.652615
382.331397
383.410791
386.109276
390.393277
396.211369
403.497196
398.981739
400.016208
402.603408
406.713711
412.301565
419.307904
416.467958
417.459097
419.938848
423.881085
429.245515
435.979644
434.689189
435.638875
438.015716
441.796679
446.946130
453.417447
453.556857
454.467118
456.745990
460.373150
465.317069
471.536333
472.993609
473.866535
476.052550
479.533699
484.282053
490.260793
