334.888603
319.004581
304.347611
291.103098
279.471930
269.662948
334.314487
318.401825
303.715768
290.442444
278.783714
268.949633
335.606877
319.758536
305.137784
291.929123
280.332229
270.554439
338.744410
323.050029
308.585267
295.530730
284.080901
274.436703
343.676556
328.218099
313.991507
301.171400
289.944405
280.501878
350.327525
335.175954
321.257632
308.739391
297.797847
288.612375
358.601693
343.814950
330.260905
318.097173
307.488792
298.601579
368.389703
354.012033
340.863705
329.092101
318.849740
310.288096
379.574463
365.636867
352.921896
341.566114
331.709144
323.488024
