405.741229
417.746977
430.870199
445.012044
460.078592
475.982040
408.709896
420.630919
433.666879
447.720396
462.698762
478.515137
413.172619
424.968474
437.875320
451.797949
466.645452
482.332427
419.081670
430.715727
443.455329
457.208071
471.885380
487.403738
426.376923
437.817167
450.355929
463.904144
478.376051
493.690426
434.988636
446.208141
458.517499
471.831419
486.067361
501.146756
444.840362
455.817440
467.874054
480.929020
494.903337
509.721399
455.851710
466.569794
478.355479
491.131913
504.823877
519.358969
467.940824
478.388134
489.889577
502.372759
515.766401
530.001483
