397.502157
394.901503
392.300850
389.700196
387.099542
384.498888
383.042380
380.441726
377.841072
375.240418
372.639764
370.039110
368.582602
365.981948
363.381294
360.780640
358.179987
355.579333
354.122825
351.522171
348.921517
346.320863
343.720209
341.119555
339.663047
337.062393
334.461739
331.861085
329.260431
326.659777
325.203269
322.602615
320.001962
317.401308
314.800654
312.200000
310.743492
308.142838
305.542184
302.941530
300.340876
297.740222
296.283714
293.683060
291.082406
288.481752
285.881098
283.280445
281.823936
279.223283
276.622629
274.021975
271.421321
268.820667
