366.992400
372.129998
377.267596
382.405195
387.542793
392.680391
367.519414
372.657013
377.794611
382.932209
388.069807
393.207406
368.046429
373.184027
378.321625
383.459224
388.596822
393.734420
368.573444
373.711042
378.848640
383.986238
389.123837
394.261435
369.100458
374.238056
379.375655
384.513253
389.650851
394.788449
369.627473
374.765071
379.902669
385.040267
390.177866
395.315464
370.154487
375.292085
380.429684
385.567282
390.704880
395.842479
370.681502
375.819100
380.956698
386.094297
391.231895
396.369493
371.208516
376.346115
381.483713
386.621311
391.758909
396.896508
