431.685673
423.407098
416.466831
410.932686
406.862045
404.299115
439.037476
430.900170
424.082547
418.649087
414.654204
412.139733
447.666495
439.688914
433.009691
427.689658
423.780007
421.320003
457.500466
449.697372
443.169017
437.972406
434.155363
431.754479
468.463511
460.846083
454.477901
449.412076
445.693016
443.354616
480.478352
473.054434
466.852812
461.922720
458.305193
456.031469
493.468167
486.242617
480.211343
475.419798
471.905748
469.697867
507.358076
500.333157
494.473780
489.821773
486.411781
484.270040
522.076242
515.252029
509.564230
505.051240
501.744762
499.668747
