368.712359
363.105723
357.499086
351.892449
346.285812
340.679176
376.602663
370.996026
365.389389
359.782753
354.176116
348.569479
384.492967
378.886330
373.279693
367.673056
362.066420
356.459783
392.383270
386.776633
381.169997
375.563360
369.956723
364.350086
400.273574
394.666937
389.060300
383.453664
377.847027
372.240390
408.163877
402.557241
396.950604
391.343967
385.737330
380.130694
416.054181
410.447544
404.840908
399.234271
393.627634
388.020997
423.944485
418.337848
412.731211
407.124574
401.517938
395.911301
431.834788
426.228152
420.621515
415.014878
409.408241
403.801605
