379.821582
368.713023
359.004391
350.811933
344.243913
339.394654
379.689867
368.577339
358.865036
350.669322
344.098580
339.247244
381.201202
370.134051
360.463695
352.305173
345.765519
340.937903
384.336204
373.361992
363.777455
355.694948
349.218779
344.439566
389.055625
378.218374
368.760082
360.789215
354.406147
349.697835
395.302720
384.641521
375.345120
367.517100
361.252928
356.635020
403.006454
392.554533
383.450023
375.790872
369.666930
365.155444
412.085140
401.869409
392.980765
385.511013
379.543937
375.151249
422.450144
412.491192
403.836406
396.571182
390.773031
386.507983
