408.997522
396.309202
384.828525
374.666523
365.933073
358.732524
408.309150
395.598751
384.096840
373.914953
365.163528
357.947500
409.150034
396.466595
384.990611
374.833004
366.103525
358.906396
411.510801
398.902431
387.498593
377.408492
368.739990
361.595340
415.365535
402.877820
391.589770
381.607860
373.036953
365.976200
420.673171
408.347801
397.215228
387.378300
378.937933
371.989204
427.379580
415.253315
404.310927
394.650904
386.369442
379.556789
435.420135
423.524148
412.801059
403.344424
395.245158
388.588143
444.722478
433.082086
422.601589
413.369222
405.470250
398.983876
