404.168547
392.939584
381.710620
370.481656
359.252692
348.023729
405.777898
394.548934
383.319971
372.091007
360.862043
349.633079
407.387249
396.158285
384.929321
373.700358
362.471394
351.242430
408.996600
397.767636
386.538672
375.309709
364.080745
352.851781
410.605950
399.376987
388.148023
376.919059
365.690096
354.461132
412.215301
400.986338
389.757374
378.528410
367.299446
356.070483
413.824652
402.595688
391.366725
380.137761
368.908797
357.679834
415.434003
404.205039
392.976075
381.747112
370.518148
359.289184
417.043354
405.814390
394.585426
383.356463
372.127499
360.898535
