347.118181
361.569193
376.020205
390.471216
404.922228
419.373239
348.658758
363.109770
377.560781
392.011793
406.462804
420.913816
350.199335
364.650346
379.101358
393.552369
408.003381
422.454392
351.739911
366.190923
380.641934
395.092946
409.543958
423.994969
353.280488
367.731499
382.182511
396.633523
411.084534
425.535546
354.821065
369.272076
383.723088
398.174099
412.625111
427.076122
356.361641
370.812653
385.263664
399.714676
414.165687
428.616699
357.902218
372.353229
386.804241
401.255252
415.706264
430.157276
359.442794
373.893806
388.344818
402.795829
417.246841
431.697852
