392.121881
385.972170
379.822458
373.672747
367.523035
361.373323
384.483378
378.333667
372.183955
366.034243
359.884532
353.734820
376.844875
370.695164
364.545452
358.395740
352.246029
346.096317
369.206372
363.056660
356.906949
350.757237
344.607526
338.457814
361.567869
355.418157
349.268446
343.118734
336.969023
330.819311
353.929366
347.779654
341.629943
335.480231
329.330519
323.180808
346.290863
340.141151
333.991440
327.841728
321.692016
315.542305
338.652360
332.502648
326.352936
320.203225
314.053513
307.903802
331.013857
324.864145
318.714433
312.564722
306.415010
300.265299
