324.252151
334.681013
346.602515
359.868345
374.335610
389.870583
319.627772
330.202719
342.280233
355.707297
370.337149
386.033064
316.913817
327.576389
339.747279
353.270627
367.997363
383.788981
316.159490
326.846670
339.043756
352.594088
367.347947
383.166330
317.378761
328.026220
340.181016
353.687781
368.397841
384.172997
320.549112
331.094633
343.140756
356.535414
371.132623
386.796260
325.613556
336.000165
347.876463
361.095495
375.515485
391.003583
332.485553
342.663926
354.316933
367.304249
381.489626
396.744574
341.055858
350.985785
362.371279
375.079814
388.981734
403.953849
