317.526551
321.878162
326.229774
330.581385
334.932997
339.284608
336.053155
340.404766
344.756378
349.107989
353.459601
357.811212
354.579759
358.931371
363.282982
367.634594
371.986205
376.337817
373.106364
377.457975
381.809587
386.161198
390.512810
394.864421
391.632968
395.984579
400.336191
404.687802
409.039414
413.391025
410.159572
414.511184
418.862795
423.214407
427.566018
431.917630
428.686177
433.037788
437.389400
441.741011
446.092623
450.444234
447.212781
451.564392
455.916004
460.267615
464.619227
468.970838
465.739385
470.090997
474.442608
478.794220
483.145831
487.497443
