325.960717
330.081701
336.017068
343.672825
352.937036
363.686804
312.476687
316.773137
322.953187
330.911320
340.522895
351.652361
300.471248
304.936898
311.351975
319.599113
329.540792
341.028846
290.128010
294.750407
301.382387
309.894956
320.138133
331.951751
281.630171
286.389759
293.210904
301.953929
312.457542
324.550853
275.148768
280.018544
286.991159
295.918006
306.628450
318.942859
270.828609
275.774683
282.851934
291.905391
302.757820
315.223474
268.773932
273.757132
280.885221
290.000083
300.921234
313.459933
269.036647
274.015069
281.136619
290.243586
301.155906
313.685225
