381.787463
394.404648
407.021832
419.639017
432.256201
444.873386
378.567453
391.184637
403.801821
416.419006
429.036190
441.653375
375.347442
387.964626
400.581811
413.198995
425.816180
438.433364
372.127431
384.744616
397.361800
409.978984
422.596169
435.213353
368.907420
381.524605
394.141789
406.758974
419.376158
431.993343
365.687410
378.304594
390.921779
403.538963
416.156147
428.773332
362.467399
375.084583
387.701768
400.318952
412.936137
425.553321
359.247388
371.864573
384.481757
397.098941
409.716126
422.333310
356.027377
368.644562
381.261746
393.878931
406.496115
419.113300
