458.106128
447.539963
438.147022
430.004194
423.183649
417.750159
458.064222
447.497067
438.103206
429.959549
423.138284
417.704204
459.384847
448.848785
439.483818
431.366225
424.567561
419.152011
462.056321
451.582593
442.275516
434.210118
427.456689
422.078209
466.055416
455.673616
446.451833
438.463263
431.776362
426.452367
471.348339
461.085731
451.974386
444.085171
437.484210
432.230526
477.892104
467.773084
458.794564
451.024662
444.526760
439.357297
485.636150
475.681894
466.855500
459.222008
452.841746
447.768289
494.524091
484.752381
476.094176
468.611202
462.360523
457.392662
