310.786097
300.211809
289.637520
279.063231
268.488942
257.914653
315.972963
305.398674
294.824385
284.250096
273.675807
263.101518
321.159828
310.585539
300.011250
289.436961
278.862672
268.288383
326.346693
315.772404
305.198115
294.623826
284.049538
273.475249
331.533559
320.959270
310.384981
299.810692
289.236403
278.662114
336.720424
326.146135
315.571846
304.997557
294.423268
283.848979
341.907289
331.333000
320.758711
310.184422
299.610133
289.035844
347.094154
336.519865
325.945577
315.371288
304.796999
294.222710
352.281020
341.706731
331.132442
320.558153
309.983864
299.409575
