338.328775
348.438426
360.003213
372.887772
386.960291
402.096063
334.551496
344.771925
356.455687
369.463981
383.662104
398.923034
332.615463
342.893603
354.639253
367.711812
381.975069
397.300805
332.552837
342.832855
354.580517
367.655164
381.920536
397.248377
334.364670
344.590640
356.280347
369.294818
383.499204
398.766368
338.020821
348.139415
359.713815
372.608381
386.691068
401.836981
343.462398
353.425233
364.831978
377.551783
391.456671
406.425026
350.606278
360.371667
371.565223
384.062094
397.739448
412.479872
359.350950
368.884916
379.827669
392.061264
405.468879
419.938077
