410.086874
405.169124
401.749665
399.866937
399.542666
400.780634
392.344661
387.201637
383.622056
381.649913
381.310150
382.607116
375.429649
370.051613
366.304478
364.238582
363.882562
365.241418
359.458635
353.837935
349.917217
347.753984
347.381070
348.804217
344.562910
338.695104
334.596993
332.334052
331.943815
333.432858
330.887726
324.772939
320.496858
318.133636
317.725959
319.281317
318.590295
312.234768
307.784543
305.322942
304.898136
306.518593
307.835775
301.253446
296.638523
294.083641
293.642576
295.324798
298.790818
292.004671
287.241191
284.601961
284.146179
285.884286
