369.192566
357.337227
346.881300
337.954700
330.681300
325.172054
351.545375
339.073581
328.036029
318.581824
310.855467
304.988302
334.836005
321.717101
310.062309
300.042294
291.825498
285.567617
319.211763
305.422482
293.120513
282.500227
273.757412
267.076513
304.839547
290.368545
277.399774
266.152922
256.854279
249.721571
291.904349
276.757821
263.119050
251.233711
241.360975
233.755990
280.604969
264.812936
250.524718
238.011296
227.565638
219.483171
271.145990
254.768308
239.882542
226.782664
215.794160
207.253135
263.725516
246.856012
231.461948
217.856320
206.393117
197.445845
