385.145552
394.138946
404.479815
416.067702
428.801521
442.582373
378.421600
387.571051
398.082568
409.851367
422.772463
436.743595
373.254227
382.527293
393.173679
405.085119
418.153520
432.273962
369.708708
379.068517
389.809380
401.820563
414.991779
429.216249
367.831944
377.238322
388.029848
400.094458
413.320684
427.600748
367.649493
377.060422
387.856899
399.926726
413.158321
427.443809
369.163867
378.537148
389.292672
401.319320
414.506464
428.747036
372.354362
381.649294
392.319507
404.256116
417.350476
431.497198
377.178448
386.357340
396.901003
408.703827
421.660088
435.666894
