369.346293
353.706880
338.067467
322.428054
306.788642
291.149229
372.725357
357.085945
341.446532
325.807119
310.167707
294.528294
376.104422
360.465010
344.825597
329.186184
313.546771
297.907359
379.483487
363.844075
348.204662
332.565249
316.925836
301.286424
382.862552
367.223139
351.583727
335.944314
320.304901
304.665489
386.241617
370.602204
354.962792
339.323379
323.683966
308.044553
389.620682
373.981269
358.341857
342.702444
327.063031
311.423618
392.999747
377.360334
361.720921
346.081509
330.442096
314.802683
396.378812
380.739399
365.099986
349.460574
333.821161
318.181748
