985.000000
984.000000
916.000000
907.000000
848.000000
0.000000
1051.000000
980.000000
967.000000
903.000000
889.000000
839.000000
1046.000000
1026.000000
966.000000
942.000000
900.000000
871.000000
1089.000000
1024.000000
997.000000
952.000000
918.000000
868.000000
1084.000000
1058.000000
999.000000
970.000000
900.000000
890.000000
1113.000000
1044.000000
1019.000000
961.000000
930.000000
879.000000
1100.000000
1074.000000
1010.000000
988.000000
925.000000
906.000000
1128.000000
1063.000000
1044.000000
975.000000
955.000000
888.000000
1120.000000
1098.000000
1028.000000
1010.000000
949.000000
928.000000
