968.000000
978.000000
993.000000
1008.000000
1023.000000
1040.000000
984.000000
996.000000
1013.000000
1036.000000
1054.000000
1067.000000
1003.000000
1019.000000
1039.000000
1060.000000
1081.000000
1106.000000
1023.000000
1041.000000
1069.000000
1085.000000
1105.000000
1125.000000
1052.000000
1063.000000
1086.000000
1111.000000
1130.000000
1157.000000
1075.000000
1091.000000
1115.000000
1136.000000
1159.000000
1174.000000
1098.000000
1109.000000
1140.000000
1168.000000
1181.000000
1214.000000
1122.000000
1141.000000
1157.000000
1173.000000
1211.000000
1231.000000
1133.000000
1162.000000
1192.000000
1194.000000
1232.000000
1256.000000
