1092.000000
1112.000000
1047.000000
1050.000000
1018.000000
1016.000000
1113.000000
1074.000000
1062.000000
1035.000000
1016.000000
993.000000
1083.000000
1072.000000
1042.000000
1023.000000
1003.000000
993.000000
1085.000000
1045.000000
1039.000000
1007.000000
1004.000000
980.000000
1045.000000
1040.000000
1007.000000
995.000000
981.000000
980.000000
1028.000000
1010.000000
997.000000
973.000000
964.000000
951.000000
1005.000000
985.000000
967.000000
955.000000
938.000000
923.000000
986.000000
964.000000
952.000000
938.000000
918.000000
0.000000
962.000000
948.000000
930.000000
908.000000
0.000000
0.000000
