1114.000000
1158.000000
1185.000000
1228.000000
1272.000000
1282.000000
1115.000000
1148.000000
1185.000000
1223.000000
1261.000000
1305.000000
1108.000000
1139.000000
1179.000000
1210.000000
1253.000000
1275.000000
1103.000000
1132.000000
1169.000000
1201.000000
1240.000000
1275.000000
1088.000000
1123.000000
1154.000000
1193.000000
1227.000000
1263.000000
1085.000000
1117.000000
1149.000000
1189.000000
1219.000000
1266.000000
1075.000000
1113.000000
1138.000000
1170.000000
1212.000000
1251.000000
1070.000000
1097.000000
1135.000000
1153.000000
1203.000000
1237.000000
1051.000000
1098.000000
1123.000000
1155.000000
1198.000000
1233.000000
