1169.000000
1158.000000
1121.000000
1094.000000
1057.000000
1037.000000
1203.000000
1154.000000
1128.000000
1102.000000
1072.000000
1052.000000
1208.000000
1170.000000
1141.000000
1108.000000
1077.000000
1052.000000
1210.000000
1172.000000
1135.000000
1115.000000
1077.000000
1057.000000
1224.000000
1168.000000
1150.000000
1100.000000
1087.000000
1058.000000
1189.000000
1199.000000
1127.000000
1123.000000
1083.000000
1062.000000
1235.000000
1165.000000
1168.000000
1122.000000
1105.000000
1067.000000
1194.000000
1211.000000
1138.000000
1144.000000
1099.000000
1087.000000
1253.000000
1176.000000
1187.000000
1126.000000
1124.000000
1085.000000
