1210.000000
1136.000000
1116.000000
1043.000000
1022.000000
949.000000
1195.000000
1176.000000
1089.000000
1072.000000
995.000000
986.000000
1243.000000
1149.000000
1131.000000
1046.000000
1040.000000
962.000000
1224.000000
1197.000000
1119.000000
1098.000000
1018.000000
1001.000000
1264.000000
1182.000000
1169.000000
1062.000000
1058.000000
986.000000
1233.000000
1234.000000
1146.000000
1122.000000
1033.000000
1026.000000
1285.000000
1201.000000
1201.000000
1112.000000
1101.000000
1029.000000
1249.000000
1262.000000
1175.000000
1159.000000
1080.000000
1072.000000
1321.000000
1231.000000
1227.000000
1148.000000
1140.000000
1049.000000
