1324.000000
1292.000000
1276.000000
1232.000000
1221.000000
1187.000000
1326.000000
1304.000000
1266.000000
1248.000000
1209.000000
1199.000000
1336.000000
1301.000000
1277.000000
1237.000000
1229.000000
1192.000000
1322.000000
1311.000000
1268.000000
1246.000000
1211.000000
1203.000000
1335.000000
1296.000000
1273.000000
1246.000000
1226.000000
1196.000000
1334.000000
1311.000000
1270.000000
1269.000000
1227.000000
1207.000000
1350.000000
1302.000000
1291.000000
1259.000000
1246.000000
1201.000000
1349.000000
1316.000000
1283.000000
1280.000000
1234.000000
1218.000000
1368.000000
1309.000000
1302.000000
1266.000000
1242.000000
1215.000000
