1008.000000
1057.000000
1061.000000
0.000000
0.000000
0.000000
1059.000000
1075.000000
1133.000000
0.000000
0.000000
0.000000
1098.000000
1143.000000
1149.000000
1212.000000
0.000000
0.000000
1146.000000
1164.000000
1212.000000
0.000000
1300.000000
0.000000
1179.000000
1236.000000
1267.000000
1309.000000
0.000000
1375.000000
1223.000000
1251.000000
1307.000000
1319.000000
1380.000000
1389.000000
1262.000000
1298.000000
1335.000000
1393.000000
1405.000000
1471.000000
1303.000000
1334.000000
1379.000000
1401.000000
1473.000000
0.000000
1329.000000
1351.000000
1400.000000
1460.000000
1459.000000
1542.000000
