967.000000
961.000000
934.000000
936.000000
0.000000
0.000000
1012.000000
987.000000
976.000000
943.000000
944.000000
0.000000
1025.000000
1019.000000
996.000000
975.000000
971.000000
961.000000
1063.000000
1049.000000
1031.000000
1013.000000
991.000000
982.000000
1094.000000
1070.000000
1058.000000
1035.000000
1021.000000
1001.000000
1111.000000
1098.000000
1067.000000
1058.000000
1038.000000
1022.000000
1142.000000
1107.000000
1100.000000
1068.000000
1065.000000
1037.000000
1148.000000
1143.000000
1102.000000
1106.000000
1069.000000
1071.000000
1187.000000
1153.000000
1147.000000
1111.000000
1105.000000
1086.000000
