1106.000000
1119.000000
1098.000000
1111.000000
1088.000000
1087.000000
1105.000000
1061.000000
1081.000000
1062.000000
1066.000000
1059.000000
1052.000000
1057.000000
1029.000000
1039.000000
1025.000000
1030.000000
1037.000000
1006.000000
1008.000000
998.000000
995.000000
991.000000
986.000000
986.000000
967.000000
965.000000
956.000000
952.000000
951.000000
934.000000
939.000000
918.000000
920.000000
0.000000
914.000000
904.000000
894.000000
880.000000
0.000000
870.000000
0.000000
0.000000
0.000000
0.000000
0.000000
834.000000
0.000000
0.000000
0.000000
0.000000
0.000000
0.000000
