1012.000000
1053.000000
964.000000
977.000000
945.000000
944.000000
1082.000000
1014.000000
1015.000000
967.000000
968.000000
941.000000
1075.000000
1059.000000
1009.000000
987.000000
962.000000
952.000000
1114.000000
1070.000000
1042.000000
1011.000000
983.000000
962.000000
1113.000000
1095.000000
1054.000000
1025.000000
991.000000
971.000000
1140.000000
1095.000000
1060.000000
1030.000000
991.000000
961.000000
1151.000000
1100.000000
1066.000000
1034.000000
992.000000
961.000000
1151.000000
1116.000000
1074.000000
1041.000000
1000.000000
965.000000
1152.000000
1114.000000
1085.000000
1038.000000
1011.000000
972.000000
