1028.000000
1044.000000
1105.000000
0.000000
1186.000000
0.000000
1015.000000
1061.000000
1065.000000
1129.000000
0.000000
1224.000000
1012.000000
1025.000000
1078.000000
1108.000000
1179.000000
0.000000
988.000000
1025.000000
1056.000000
1111.000000
1143.000000
1211.000000
974.000000
1011.000000
1053.000000
1094.000000
1155.000000
1177.000000
956.000000
997.000000
1033.000000
1087.000000
1125.000000
1189.000000
935.000000
981.000000
1020.000000
1055.000000
1113.000000
1119.000000
917.000000
956.000000
995.000000
1045.000000
1081.000000
1142.000000
894.000000
932.000000
970.000000
1014.000000
1076.000000
1090.000000
