860.000000
856.000000
816.000000
0.000000
0.000000
0.000000
898.000000
865.000000
865.000000
831.000000
0.000000
0.000000
923.000000
905.000000
877.000000
0.000000
0.000000
0.000000
956.000000
932.000000
907.000000
886.000000
0.000000
0.000000
989.000000
956.000000
930.000000
913.000000
872.000000
0.000000
1005.000000
979.000000
951.000000
926.000000
895.000000
875.000000
1035.000000
1001.000000
973.000000
946.000000
915.000000
902.000000
1048.000000
1029.000000
997.000000
974.000000
926.000000
922.000000
1086.000000
1053.000000
1017.000000
989.000000
960.000000
925.000000
