962.000000
995.000000
1045.000000
1058.000000
0.000000
0.000000
973.000000
1007.000000
1048.000000
1075.000000
0.000000
1180.000000
996.000000
1030.000000
1071.000000
1106.000000
1148.000000
1164.000000
1009.000000
1050.000000
1088.000000
1123.000000
1174.000000
1222.000000
1019.000000
1063.000000
1100.000000
1143.000000
1188.000000
1237.000000
1033.000000
1068.000000
1107.000000
1149.000000
1207.000000
1245.000000
1032.000000
1073.000000
1114.000000
1155.000000
1204.000000
1243.000000
1039.000000
1079.000000
1119.000000
1161.000000
1196.000000
1243.000000
1046.000000
1082.000000
1116.000000
1165.000000
1194.000000
1240.000000
