1003.000000
984.000000
912.000000
881.000000
806.000000
780.000000
1029.000000
965.000000
925.000000
856.000000
821.000000
754.000000
1008.000000
969.000000
908.000000
860.000000
797.000000
768.000000
1015.000000
938.000000
906.000000
849.000000
819.000000
0.000000
984.000000
953.000000
893.000000
856.000000
812.000000
0.000000
992.000000
934.000000
878.000000
848.000000
0.000000
0.000000
968.000000
939.000000
874.000000
852.000000
808.000000
0.000000
941.000000
915.000000
877.000000
852.000000
0.000000
0.000000
967.000000
898.000000
881.000000
846.000000
804.000000
760.000000
