864.000000
899.000000
877.000000
934.000000
938.000000
966.000000
906.000000
891.000000
940.000000
938.000000
984.000000
979.000000
899.000000
948.000000
944.000000
983.000000
977.000000
1037.000000
945.000000
944.000000
996.000000
983.000000
1041.000000
1049.000000
963.000000
995.000000
995.000000
1049.000000
1032.000000
1098.000000
993.000000
989.000000
1048.000000
1049.000000
1107.000000
1082.000000
978.000000
1043.000000
1041.000000
1104.000000
1093.000000
1163.000000
1034.000000
1027.000000
1090.000000
1095.000000
1159.000000
1140.000000
1028.000000
1085.000000
1068.000000
1148.000000
1125.000000
1216.000000
