1083.000000
1095.000000
1085.000000
1105.000000
1107.000000
1119.000000
1100.000000
1090.000000
1106.000000
1105.000000
1119.000000
1121.000000
1099.000000
1113.000000
1107.000000
1121.000000
1121.000000
1135.000000
1123.000000
1114.000000
1130.000000
1131.000000
1140.000000
1145.000000
1117.000000
1142.000000
1132.000000
1148.000000
1143.000000
1161.000000
1152.000000
1144.000000
1150.000000
1149.000000
1168.000000
1171.000000
1153.000000
1172.000000
1170.000000
1186.000000
1185.000000
1201.000000
1187.000000
1181.000000
1203.000000
1197.000000
1213.000000
1215.000000
1177.000000
1213.000000
1208.000000
1230.000000
1227.000000
1238.000000
