1016.000000
1048.000000
1032.000000
1050.000000
1043.000000
1016.000000
984.000000
968.000000
990.000000
995.000000
1006.000000
992.000000
924.000000
942.000000
937.000000
942.000000
947.000000
924.000000
883.000000
884.000000
889.000000
894.000000
895.000000
896.000000
830.000000
849.000000
848.000000
849.000000
856.000000
847.000000
797.000000
793.000000
792.000000
0.000000
817.000000
806.000000
0.000000
0.000000
0.000000
0.000000
761.000000
0.000000
0.000000
0.000000
0.000000
0.000000
0.000000
0.000000
0.000000
0.000000
0.000000
0.000000
0.000000
700.000000
