1038.000000
1048.000000
997.000000
999.000000
972.000000
952.000000
1099.000000
1049.000000
1026.000000
986.000000
973.000000
961.000000
1079.000000
1070.000000
1036.000000
1007.000000
983.000000
951.000000
1118.000000
1079.000000
1051.000000
1018.000000
988.000000
964.000000
1131.000000
1096.000000
1055.000000
1029.000000
991.000000
961.000000
1135.000000
1102.000000
1056.000000
1028.000000
986.000000
963.000000
1142.000000
1099.000000
1068.000000
1028.000000
996.000000
962.000000
1145.000000
1113.000000
1069.000000
1038.000000
1000.000000
969.000000
1160.000000
1116.000000
1080.000000
1036.000000
1004.000000
967.000000
