883.000000
924.000000
887.000000
949.000000
927.000000
995.000000
957.000000
917.000000
993.000000
965.000000
1030.000000
1010.000000
982.000000
1029.000000
1007.000000
1070.000000
1020.000000
1107.000000
1090.000000
1049.000000
1121.000000
1106.000000
1158.000000
1117.000000
1081.000000
1154.000000
1122.000000
1190.000000
1140.000000
1240.000000
1199.000000
1140.000000
1247.000000
1184.000000
1276.000000
1237.000000
1172.000000
1268.000000
1218.000000
1317.000000
1257.000000
1366.000000
1309.000000
1227.000000
1344.000000
1281.000000
1391.000000
1315.000000
1301.000000
1385.000000
1313.000000
1426.000000
0.000000
1462.000000
