935.000000
974.000000
1018.000000
1065.000000
1105.000000
1155.000000
945.000000
983.000000
1027.000000
1066.000000
1114.000000
1159.000000
956.000000
984.000000
1029.000000
1071.000000
1119.000000
1161.000000
951.000000
972.000000
1027.000000
1070.000000
1107.000000
1146.000000
944.000000
987.000000
1021.000000
1066.000000
1095.000000
1153.000000
939.000000
980.000000
1020.000000
1058.000000
1101.000000
1147.000000
942.000000
976.000000
1015.000000
1058.000000
1099.000000
1147.000000
939.000000
974.000000
1014.000000
1058.000000
1102.000000
1130.000000
926.000000
974.000000
1011.000000
1055.000000
1092.000000
1143.000000
