1039.000000
1003.000000
1001.000000
970.000000
976.000000
957.000000
1067.000000
1047.000000
1020.000000
1013.000000
993.000000
997.000000
1092.000000
1068.000000
1053.000000
1034.000000
1025.000000
1012.000000
1101.000000
1097.000000
1075.000000
1062.000000
1042.000000
1035.000000
1138.000000
1104.000000
1100.000000
1066.000000
1064.000000
1044.000000
1138.000000
1141.000000
1093.000000
1105.000000
1062.000000
1078.000000
1180.000000
1136.000000
1141.000000
1097.000000
1102.000000
1081.000000
1180.000000
1182.000000
1130.000000
1148.000000
1115.000000
1127.000000
1228.000000
1180.000000
1179.000000
1156.000000
1157.000000
1129.000000
