914.000000
949.000000
977.000000
1001.000000
1038.000000
1054.000000
0.000000
935.000000
971.000000
1004.000000
1031.000000
1061.000000
0.000000
946.000000
978.000000
1004.000000
1033.000000
1060.000000
0.000000
943.000000
976.000000
1006.000000
1037.000000
1071.000000
0.000000
947.000000
981.000000
1010.000000
1043.000000
1072.000000
0.000000
949.000000
986.000000
1012.000000
1046.000000
1080.000000
929.000000
969.000000
991.000000
1027.000000
1057.000000
1090.000000
945.000000
971.000000
1006.000000
1031.000000
1068.000000
1090.000000
950.000000
988.000000
1016.000000
1054.000000
1059.000000
1118.000000
