878.000000
853.000000
0.000000
0.000000
0.000000
761.000000
909.000000
885.000000
870.000000
0.000000
815.000000
0.000000
950.000000
925.000000
905.000000
868.000000
853.000000
0.000000
961.000000
970.000000
943.000000
924.000000
886.000000
854.000000
1025.000000
1005.000000
987.000000
955.000000
928.000000
893.000000
1061.000000
1054.000000
1019.000000
999.000000
951.000000
940.000000
1115.000000
1082.000000
1069.000000
1032.000000
1008.000000
964.000000
1153.000000
1134.000000
1099.000000
1082.000000
1026.000000
1032.000000
1196.000000
1163.000000
1157.000000
1114.000000
1099.000000
1051.000000
