305.041996
308.271280
311.500564
314.729847
317.959131
321.188415
320.951294
324.180578
327.409862
330.639146
333.868430
337.097714
336.860592
340.089876
343.319160
346.548444
349.777728
353.007012
352.769891
355.999175
359.228459
362.457742
365.687026
368.916310
368.679189
371.908473
375.137757
378.367041
381.596325
384.825609
384.588488
387.817771
391.047055
394.276339
397.505623
400.734907
400.497786
403.727070
406.956354
410.185638
413.414921
416.644205
416.407084
419.636368
422.865652
426.094936
429.324220
432.553504
432.316383
435.545666
438.774950
442.004234
445.233518
448.462802
