366.010558
377.119310
389.517932
403.087415
417.713670
433.289690
362.928711
374.128981
386.623512
400.291125
415.015940
430.689535
361.553274
372.794870
385.332662
399.044491
413.813667
429.531135
361.903703
373.134742
385.661485
399.362024
414.119876
429.826147
363.975014
375.144047
387.605858
401.240012
415.931235
431.571590
367.738129
378.796221
391.141691
404.656728
419.228235
434.749995
373.141866
384.044395
396.226378
409.573666
423.976218
439.330262
380.116262
390.824280
402.801270
415.937626
430.127137
445.269131
388.576753
399.057814
410.794820
423.683407
437.621840
452.513116
