358.811476
358.507217
359.943293
363.099055
367.930256
374.372038
368.679173
368.383064
369.780789
372.853297
377.559705
383.839915
379.938140
379.650813
381.007203
383.989894
388.561434
394.666616
392.468658
392.190511
393.503681
396.392351
400.822462
406.743648
406.153056
405.884287
407.153293
409.945794
414.230978
419.963156
420.878798
420.619439
421.844120
424.540000
428.679322
434.220808
436.540514
436.290465
437.471278
440.071436
444.066007
449.417810
453.041143
452.800207
453.938076
456.444439
460.296943
465.462163
470.292393
470.060299
471.156486
473.571730
477.286008
482.269305
