302.891815
313.960745
326.571963
340.554173
355.745755
371.998575
287.573336
299.209494
312.416739
327.004765
342.797337
359.635804
273.684847
285.886854
299.681816
314.860427
331.232525
348.630009
261.454331
274.201139
288.555302
304.289435
321.200806
339.113337
251.124151
264.369508
279.229537
295.460711
312.849691
331.214171
242.936845
256.605161
271.889879
288.534233
306.316668
325.050456
237.114493
251.099941
266.700352
283.649388
301.719859
320.722264
233.833818
248.004339
263.787888
280.912704
299.148533
318.304481
233.202115
247.408819
263.228079
280.387088
298.655013
317.840706
