374.241421
350.826001
327.644814
304.751318
282.215534
260.130447
381.644979
358.713161
336.076440
313.798686
291.962081
270.673416
390.511382
368.132287
346.112153
324.524058
303.460221
283.037714
400.743544
378.969168
357.616934
336.767150
316.519122
296.995954
412.239782
391.105969
370.453939
350.368895
330.954081
312.334509
424.897501
404.425677
384.489753
365.177507
346.593210
328.860297
438.616160
418.815445
399.598072
381.052307
363.281024
346.403441
453.299443
434.168892
415.661964
397.865693
380.879707
364.817205
468.856731
450.387473
432.574984
415.503741
399.268832
383.976356
