336.016726
335.847658
335.678590
335.509522
335.340454
335.171386
319.451844
319.282776
319.113709
318.944641
318.775573
318.606505
302.886963
302.717895
302.548827
302.379759
302.210691
302.041624
286.322081
286.153014
285.983946
285.814878
285.645810
285.476742
269.757200
269.588132
269.419064
269.249996
269.080929
268.911861
253.192319
253.023251
252.854183
252.685115
252.516047
252.346979
236.627437
236.458369
236.289301
236.120234
235.951166
235.782098
220.062556
219.893488
219.724420
219.555352
219.386284
219.217216
203.497674
203.328606
203.159539
202.990471
202.821403
202.652335
