278.065109
296.305966
314.546822
332.787679
351.028535
369.269392
267.677734
285.918590
304.159447
322.400303
340.641160
358.882017
257.290358
275.531215
293.772071
312.012928
330.253785
348.494641
246.902983
265.143839
283.384696
301.625553
319.866409
338.107266
236.515607
254.756464
272.997321
291.238177
309.479034
327.719890
226.128232
244.369089
262.609945
280.850802
299.091658
317.332515
215.740857
233.981713
252.222570
270.463426
288.704283
306.945140
205.353481
223.594338
241.835194
260.076051
278.316908
296.557764
194.966106
213.206962
231.447819
249.688676
267.929532
286.170389
