408.451885
393.806126
379.160368
364.514609
349.868850
335.223091
420.528225
405.882466
391.236707
376.590948
361.945189
347.299430
432.604564
417.958805
403.313046
388.667287
374.021528
359.375769
444.680903
430.035144
415.389385
400.743626
386.097867
371.452109
456.757242
442.111483
427.465724
412.819966
398.174207
383.528448
468.833582
454.187823
439.542064
424.896305
410.250546
395.604787
480.909921
466.264162
451.618403
436.972644
422.326885
407.681126
492.986260
478.340501
463.694742
449.048983
434.403224
419.757465
505.062599
490.416840
475.771081
461.125323
446.479564
431.833805
