483.780653
479.450742
475.120831
470.790920
466.461009
462.131097
462.617436
458.287525
453.957614
449.627703
445.297792
440.967881
441.454219
437.124308
432.794397
428.464486
424.134575
419.804664
420.291003
415.961091
411.631180
407.301269
402.971358
398.641447
399.127786
394.797875
390.467964
386.138053
381.808141
377.478230
377.964569
373.634658
369.304747
364.974836
360.644925
356.315014
356.801352
352.471441
348.141530
343.811619
339.481708
335.151797
335.638135
331.308224
326.978313
322.648402
318.318491
313.988580
314.474919
310.145008
305.815097
301.485185
297.155274
292.825363
