359.829049
350.074122
340.319195
330.564269
320.809342
311.054415
365.294998
355.540071
345.785145
336.030218
326.275291
316.520365
370.760948
361.006021
351.251094
341.496168
331.741241
321.986314
376.226897
366.471970
356.717044
346.962117
337.207190
327.452264
381.692847
371.937920
362.182993
352.428067
342.673140
332.918213
387.158796
377.403870
367.648943
357.894016
348.139090
338.384163
392.624746
382.869819
373.114892
363.359966
353.605039
343.850112
398.090695
388.335769
378.580842
368.825915
359.070989
349.316062
403.556645
393.801718
384.046792
374.291865
364.536938
354.782011
