433.908395
424.585843
416.557057
409.898066
404.676498
400.948514
445.389992
436.312833
428.503828
422.033380
416.963808
413.346659
457.949772
449.126527
441.544200
435.267646
430.354001
426.850336
471.501584
462.936698
455.584273
449.503807
444.747474
441.358085
485.962440
477.656923
470.534567
464.649785
460.050068
456.774242
501.253671
493.205723
486.311144
480.619571
476.174143
473.009998
517.301645
509.507247
502.836234
497.333812
493.039110
489.983885
534.038146
526.491580
520.038486
514.719992
510.571556
507.621864
551.400481
544.094784
537.852932
532.712324
528.705081
525.857116
