343.011366
346.215110
349.418854
352.622599
355.826343
359.030087
357.327639
360.531383
363.735127
366.938872
370.142616
373.346360
371.643912
374.847656
378.051400
381.255144
384.458889
387.662633
385.960185
389.163929
392.367673
395.571417
398.775161
401.978906
400.276457
403.480202
406.683946
409.887690
413.091434
416.295179
414.592730
417.796475
421.000219
424.203963
427.407707
430.611451
428.909003
432.112747
435.316492
438.520236
441.723980
444.927724
443.225276
446.429020
449.632764
452.836509
456.040253
459.243997
457.541549
460.745293
463.949037
467.152782
470.356526
473.560270
