323.280689
321.552906
321.764105
323.910493
327.954075
333.825918
300.820658
298.963102
299.190247
301.497383
305.837440
312.125628
278.793351
276.788007
277.033335
279.523409
284.199234
290.955447
257.309924
255.135778
255.401905
258.100757
263.157498
270.439895
236.518629
234.151510
234.441459
237.378738
242.867316
250.739708
216.618850
214.031760
214.348926
217.557647
223.533438
232.062633
197.879738
195.044248
195.392238
198.906999
205.426051
214.675873
180.662822
177.552592
177.934794
181.787400
188.898192
198.918060
165.444008
162.041932
162.460627
166.671303
174.399516
185.205451
