243.548248
266.132494
288.716741
311.300988
333.885235
356.469482
243.700307
266.284554
288.868801
311.453048
334.037294
356.621541
243.852367
266.436614
289.020860
311.605107
334.189354
356.773601
244.004426
266.588673
289.172920
311.757167
334.341414
356.925660
244.156486
266.740733
289.324979
311.909226
334.493473
357.077720
244.308545
266.892792
289.477039
312.061286
334.645533
357.229780
244.460605
267.044852
289.629099
312.213345
334.797592
357.381839
244.612665
267.196911
289.781158
312.365405
334.949652
357.533899
244.764724
267.348971
289.933218
312.517465
335.101711
357.685958
