287.375032
286.364966
287.533266
290.853682
296.253860
303.622849
264.958528
263.862667
265.130142
268.727515
274.563221
282.498580
243.046569
241.851441
243.233643
247.149934
253.482889
262.057361
221.788745
220.478417
221.993734
226.277933
233.178447
242.472005
201.392304
199.948357
201.618031
206.325752
213.870991
223.967154
182.146845
180.549047
182.396391
187.587123
195.855594
206.833022
164.456943
162.685498
164.733288
170.462728
179.521661
191.438010
148.878134
146.918971
149.183341
155.486830
165.368194
178.233343
136.137106
133.991779
136.470810
143.334459
153.997573
167.737108
