415.738908
401.285770
387.906817
375.716819
364.834973
355.381467
424.323473
410.172938
397.093527
385.194364
374.587944
365.386860
434.179663
420.361046
407.608684
396.025591
385.717122
376.787908
445.223034
431.758010
419.352368
408.102730
398.107106
389.462062
457.367598
444.270806
432.224454
421.318654
411.644067
403.289310
470.528097
457.807951
446.127279
435.569717
426.218733
418.155279
484.621770
472.281367
460.967590
450.757749
441.728399
433.953232
499.569645
487.607690
476.657832
466.791301
458.078103
450.585150
515.297390
503.709073
493.116882
483.586279
475.181143
467.962122
