303.502153
305.855029
308.207904
310.560780
312.913655
315.266530
284.675830
287.028706
289.381581
291.734456
294.087332
296.440207
265.849507
268.202382
270.555258
272.908133
275.261008
277.613884
247.023184
249.376059
251.728934
254.081810
256.434685
258.787560
228.196860
230.549736
232.902611
235.255486
237.608362
239.961237
209.370537
211.723412
214.076288
216.429163
218.782038
221.134914
190.544214
192.897089
195.249964
197.602840
199.955715
202.308591
171.717890
174.070766
176.423641
178.776517
181.129392
183.482267
152.891567
155.244442
157.597318
159.950193
162.303069
164.655944
