355.147468
353.791718
354.199712
356.365391
360.257058
365.819632
346.099711
344.708378
345.127110
347.349360
351.340908
357.042420
338.659558
337.237531
337.665527
339.936559
344.014127
349.835069
332.934802
331.488217
331.923627
334.233676
338.379973
344.296183
329.014997
327.551102
327.991738
330.329284
334.523978
340.507192
326.965066
325.491951
325.935371
328.287560
332.508012
338.526858
326.820196
325.346425
325.790043
328.143274
332.365558
338.386938
328.582907
327.117078
327.558298
329.898915
334.099012
340.089703
332.222836
330.773138
331.209487
333.524482
337.679487
343.607759
