373.216272
369.623144
367.698452
367.468413
368.936197
372.081712
351.693960
347.878606
345.832919
345.588325
347.148633
350.489738
330.661304
326.600338
324.420505
324.159755
325.822697
329.380195
310.217914
305.885660
303.557112
303.278425
305.055218
308.852018
290.488228
285.857121
283.364035
283.065468
284.968318
289.029108
271.627809
266.669364
263.995138
263.674640
265.716388
270.066810
253.830501
248.517215
245.645454
245.300982
247.494353
252.159350
237.335584
231.644258
228.560594
228.190333
230.546549
235.547435
222.432991
216.349991
213.045069
212.647795
215.174273
220.524036
