412.882143
432.224868
452.122781
472.505748
493.313647
514.494924
410.637158
430.080862
450.073572
470.545314
491.436227
512.695073
409.907412
429.384163
449.407868
469.908613
490.826626
512.110778
410.700984
430.141803
450.131806
470.601015
491.489560
512.746195
413.009091
432.346137
452.238714
472.616681
493.419902
514.596805
416.806575
435.975221
455.709409
475.938797
496.602870
517.649576
422.053234
440.993883
460.513059
480.540268
501.014593
521.883411
428.695864
447.355358
466.608496
486.384787
506.622970
527.269861
436.670763
455.003327
473.945883
493.428184
513.388785
533.774032
