341.192512
345.046334
348.900157
352.753979
356.607801
360.461624
334.720457
338.574280
342.428102
346.281925
350.135747
353.989569
328.248403
332.102225
335.956048
339.809870
343.663692
347.517515
321.776348
325.630171
329.483993
333.337815
337.191638
341.045460
315.304294
319.158116
323.011938
326.865761
330.719583
334.573406
308.832239
312.686062
316.539884
320.393706
324.247529
328.101351
302.360185
306.214007
310.067829
313.921652
317.775474
321.629296
295.888130
299.741952
303.595775
307.449597
311.303419
315.157242
289.416075
293.269898
297.123720
300.977542
304.831365
308.685187
