313.992971
312.457221
310.921470
309.385719
307.849968
306.314217
289.501489
287.965738
286.429987
284.894236
283.358486
281.822735
265.010007
263.474256
261.938505
260.402754
258.867003
257.331252
240.518524
238.982773
237.447022
235.911272
234.375521
232.839770
216.027042
214.491291
212.955540
211.419789
209.884038
208.348287
191.535559
189.999808
188.464058
186.928307
185.392556
183.856805
167.044077
165.508326
163.972575
162.436824
160.901073
159.365323
142.552594
141.016844
139.481093
137.945342
136.409591
134.873840
118.061112
116.525361
114.989610
113.453859
111.918109
110.382358
