358.077276
355.724488
355.120383
356.273858
359.167979
363.761203
336.731827
334.228812
333.585782
334.813455
337.891440
342.769894
315.922951
313.253710
312.567532
313.877424
317.158655
322.351032
295.763924
292.911035
292.177086
293.577971
297.083491
302.620515
276.396973
273.342024
272.555384
274.056587
277.808546
283.721983
258.000532
254.725047
253.880730
255.491684
259.512188
265.832939
240.797139
237.284297
236.377691
238.107094
242.416096
249.170903
225.060547
221.298046
220.325670
222.180053
226.791868
233.998134
211.119013
207.103387
206.064040
208.045581
212.963704
220.622108
