402.370981
395.420497
388.470013
381.519528
374.569044
367.618560
380.630549
373.680065
366.729581
359.779096
352.828612
345.878128
358.890117
351.939633
344.989149
338.038664
331.088180
324.137696
337.149685
330.199201
323.248717
316.298232
309.347748
302.397264
315.409253
308.458769
301.508284
294.557800
287.607316
280.656832
293.668821
286.718337
279.767852
272.817368
265.866884
258.916400
271.928389
264.977905
258.027420
251.076936
244.126452
237.175968
250.187957
243.237473
236.286988
229.336504
222.386020
215.435536
228.447525
221.497041
214.546556
207.596072
200.645588
193.695103
