430.685195
422.144046
413.602896
405.061746
396.520597
387.979447
444.144323
435.603174
427.062024
418.520875
409.979725
401.438575
457.603452
449.062302
440.521152
431.980003
423.438853
414.897704
471.062580
462.521430
453.980281
445.439131
436.897981
428.356832
484.521708
475.980559
467.439409
458.898259
450.357110
441.815960
497.980837
489.439687
480.898537
472.357388
463.816238
455.275088
511.439965
502.898815
494.357666
485.816516
477.275366
468.734217
524.899093
516.357943
507.816794
499.275644
490.734495
482.193345
538.358221
529.817072
521.275922
512.734773
504.193623
495.652473
