356.501003
354.401726
354.059602
355.479704
358.641099
363.498358
337.130272
334.909597
334.547540
336.050108
339.392535
344.521278
318.544621
316.193443
315.809930
317.401213
320.937919
326.356808
300.889565
298.399311
297.992897
299.678803
303.422153
309.148219
284.338505
281.701976
281.271438
283.056955
287.017174
293.063946
269.095225
266.307827
265.852359
267.740723
271.924094
278.298996
255.394000
252.455369
251.974863
253.966435
258.372924
265.073926
243.495278
240.411249
239.906621
241.997531
246.617970
253.629733
233.674572
230.459158
229.932690
232.113463
236.926736
244.216904
