308.308768
315.314973
322.321177
329.327381
336.333585
343.339789
290.462154
297.468359
304.474563
311.480767
318.486971
325.493175
272.615540
279.621745
286.627949
293.634153
300.640357
307.646561
254.768926
261.775131
268.781335
275.787539
282.793743
289.799947
236.922312
243.928517
250.934721
257.940925
264.947129
271.953333
219.075698
226.081903
233.088107
240.094311
247.100515
254.106719
201.229084
208.235288
215.241493
222.247697
229.253901
236.260105
183.382470
190.388674
197.394879
204.401083
211.407287
218.413491
165.535856
172.542060
179.548265
186.554469
193.560673
200.566877
