457.377732
444.778924
432.180116
419.581308
406.982500
394.383692
463.878544
451.279736
438.680928
426.082120
413.483312
400.884504
470.379356
457.780548
445.181740
432.582932
419.984124
407.385316
476.880168
464.281360
451.682552
439.083744
426.484936
413.886128
483.380980
470.782172
458.183364
445.584556
432.985748
420.386940
489.881792
477.282984
464.684176
452.085368
439.486560
426.887752
496.382604
483.783796
471.184988
458.586180
445.987372
433.388564
502.883416
490.284608
477.685800
465.086992
452.488184
439.889376
509.384229
496.785420
484.186612
471.587804
458.988996
446.390188
