369.383997
357.827014
347.686363
339.089136
332.155201
326.990386
370.600882
359.083067
348.978916
340.414335
333.507952
328.364415
373.490952
362.065085
352.046533
343.558432
336.716544
331.622777
378.015830
366.730968
356.843436
348.472198
341.728706
336.710771
384.117749
373.017533
363.301135
355.082174
348.466620
343.547115
391.723017
380.844531
371.332993
363.295785
356.832541
352.029966
400.746053
390.119256
380.839427
373.007110
366.715065
362.043608
411.093512
400.741202
391.713091
384.102566
377.995259
373.464926
422.668135
412.606335
403.843562
396.465961
390.552036
386.169041
