422.070332
420.734347
420.881714
422.510879
425.604827
430.131951
397.692526
396.274363
396.430822
398.160047
401.441713
406.238199
373.397007
371.886206
372.052922
373.894908
377.387637
382.485888
349.200951
347.584997
347.763362
349.733302
353.464861
358.903099
325.126566
323.390337
323.582039
325.698268
329.701968
335.525579
301.203028
299.328064
299.535166
301.820049
306.136191
312.399414
277.469356
275.432877
275.657932
278.139033
282.816809
289.584829
253.978785
251.752357
251.998562
254.710230
259.810175
267.161661
230.805552
228.353299
228.624703
231.610192
237.207308
245.237299
