271.263465
274.155146
277.046827
279.938509
282.830190
285.721871
252.311337
255.203019
258.094700
260.986381
263.878062
266.769744
233.359210
236.250891
239.142572
242.034254
244.925935
247.817616
214.407082
217.298764
220.190445
223.082126
225.973808
228.865489
195.454955
198.346636
201.238318
204.129999
207.021680
209.913362
176.502828
179.394509
182.286190
185.177872
188.069553
190.961234
157.550700
160.442382
163.334063
166.225744
169.117425
172.009107
138.598573
141.490254
144.381935
147.273617
150.165298
153.056979
119.646446
122.538127
125.429808
128.321489
131.213171
134.104852
