227.458812
225.847935
224.237059
222.626183
221.015306
219.404430
251.842194
250.231318
248.620441
247.009565
245.398688
243.787812
276.225576
274.614700
273.003824
271.392947
269.782071
268.171194
300.608959
298.998082
297.387206
295.776329
294.165453
292.554577
324.992341
323.381465
321.770588
320.159712
318.548835
316.937959
349.375723
347.764847
346.153970
344.543094
342.932218
341.321341
373.759106
372.148229
370.537353
368.926476
367.315600
365.704723
398.142488
396.531611
394.920735
393.309859
391.698982
390.088106
422.525870
420.914994
419.304117
417.693241
416.082364
414.471488
