306.607053
300.627387
296.640805
294.728194
294.929907
297.241637
282.782498
276.287681
271.944524
269.856935
270.077223
272.599794
259.179471
252.077249
247.309281
245.011881
245.254487
248.029644
235.864484
228.037269
222.755331
220.201904
220.471812
223.554828
212.932176
204.227943
198.312869
195.440363
195.744417
199.210487
190.520782
180.740448
174.028879
170.748330
171.096269
175.051063
168.837866
157.718630
149.980357
146.161037
146.567357
151.165245
148.203515
135.400233
126.301878
121.741963
122.229484
127.706649
129.121410
114.198423
103.248347
97.617428
98.224761
104.962112
