262.326803
280.784977
300.191698
320.374636
341.196072
362.546013
257.739463
276.504038
296.191382
316.629416
337.681860
359.240714
255.526731
274.442639
294.267929
314.830853
335.996009
357.656498
255.750248
274.650763
294.462041
315.012294
336.166027
357.816223
258.403694
277.123296
296.769562
317.170341
338.189114
359.717569
263.413645
281.800639
301.141914
321.265162
342.032391
363.333192
270.649271
288.575605
307.491027
327.224058
347.635493
368.612653
279.938042
297.304825
315.697658
334.947553
354.915082
375.485775
291.083470
307.822089
325.621391
344.316922
363.770525
383.866965
