495.650777
496.213414
498.031938
501.092677
505.373060
510.842431
472.713755
473.303658
475.209861
478.416630
482.898054
488.619064
449.996550
450.616194
452.617955
455.983632
460.683331
466.676752
427.534204
428.186356
430.292475
433.831388
438.768427
445.057066
405.369087
406.056839
408.277131
412.005188
417.200592
423.809383
383.552732
384.279530
386.624904
390.559695
396.036532
402.992548
362.148173
362.917839
365.400352
369.561195
375.344556
382.676881
341.232912
342.049644
344.682489
349.090357
355.207174
362.946547
320.902635
321.770975
324.568359
329.245620
335.724199
343.902307
