316.826444
334.481831
352.137219
369.792606
387.447994
405.103381
322.145955
339.801342
357.456730
375.112117
392.767505
410.422892
327.465465
345.120853
362.776240
380.431628
398.087015
415.742403
332.784976
350.440363
368.095751
385.751138
403.406526
421.061913
338.104486
355.759874
373.415262
391.070649
408.726037
426.381424
343.423997
361.079385
378.734772
396.390160
414.045547
431.700935
348.743508
366.398895
384.054283
401.709670
419.365058
437.020445
354.063018
371.718406
389.373794
407.029181
424.684569
442.339956
359.382529
377.037917
394.693304
412.348692
430.004079
447.659467
