470.663951
455.389592
441.004315
427.597862
415.265045
404.104174
472.893251
457.693295
443.382767
430.050467
417.790054
406.698482
476.425754
461.342199
447.148466
433.931879
421.784307
410.800593
481.232762
466.304725
452.266760
439.204221
427.206594
416.365944
487.276557
472.539489
458.692374
445.818147
434.003394
423.336830
494.511795
479.996917
466.371275
453.714990
442.111318
431.645159
502.887052
488.621032
475.242715
462.829087
451.459732
441.215385
512.346425
498.351267
485.241291
473.090093
461.973335
451.967352
522.831073
509.124206
496.298884
484.425132
473.574528
463.818887
