324.178705
326.096905
329.903850
335.535257
342.901250
351.892918
299.218398
301.295550
305.411799
311.486317
319.407395
329.041704
274.265321
276.529971
281.009223
287.599621
296.160262
306.526115
249.321646
251.810726
256.721640
263.919228
273.222835
284.425871
224.390507
227.152941
232.585075
240.506082
250.680143
262.845758
199.476606
202.579059
208.651944
217.446527
228.648969
241.925008
174.587322
178.123810
185.001217
194.866131
207.292468
221.850233
149.734932
153.843779
161.756814
172.952669
186.842137
202.872726
124.941452
129.837302
139.122549
151.994876
167.629952
185.329867
