323.490445
330.758887
338.027329
345.295771
352.564213
359.832655
306.540134
313.808576
321.077018
328.345460
335.613902
342.882344
289.589823
296.858265
304.126707
311.395149
318.663591
325.932033
272.639512
279.907954
287.176396
294.444838
301.713280
308.981722
255.689201
262.957643
270.226085
277.494527
284.762969
292.031411
238.738890
246.007332
253.275774
260.544216
267.812658
275.081100
221.788579
229.057021
236.325463
243.593905
250.862347
258.130789
204.838268
212.106710
219.375152
226.643594
233.912036
241.180478
187.887957
195.156399
202.424841
209.693283
216.961725
224.230167
