370.695890
348.406548
326.117206
303.827864
281.538522
259.249180
378.383746
356.094404
333.805062
311.515721
289.226379
266.937037
386.071603
363.782261
341.492919
319.203577
296.914235
274.624893
393.759459
371.470117
349.180775
326.891433
304.602091
282.312749
401.447315
379.157973
356.868631
334.579289
312.289947
290.000605
409.135171
386.845829
364.556487
342.267145
319.977803
297.688461
416.823027
394.533685
372.244343
349.955001
327.665659
305.376317
424.510883
402.221541
379.932199
357.642857
335.353515
313.064173
432.198739
409.909397
387.620055
365.330713
343.041371
320.752029
