249.786566
243.983626
240.650558
239.890333
241.727229
246.103097
270.211953
264.856906
261.789729
261.091063
262.779802
266.810618
291.351456
286.391955
283.557813
282.912910
284.472135
288.199717
313.060445
308.450196
305.820543
305.222682
306.668497
310.129405
335.228300
330.927023
328.477359
327.920809
329.266971
332.492736
357.769737
353.742654
351.452055
350.931942
352.190161
355.207813
380.618386
376.835557
374.686159
374.198342
375.378583
378.211266
403.722091
400.157729
398.134260
397.675207
398.785972
401.453525
427.039457
423.671310
421.760667
421.327357
422.375926
424.895404
