331.695606
332.014497
334.208435
338.240934
344.047352
351.539802
310.152659
310.493677
312.838577
317.142912
323.328437
331.289797
289.166681
289.532417
292.045668
296.651856
303.255627
311.730054
268.868121
269.261430
271.962073
276.902547
283.965970
292.998846
249.424866
249.848784
252.756932
258.065337
265.630137
275.265365
231.052939
231.510501
234.646039
240.354769
248.459386
258.734841
214.028405
214.522282
217.902411
224.038194
232.711761
243.652243
198.697899
199.229783
202.864876
209.441661
218.694904
230.302220
185.481946
186.051616
189.939083
196.947980
206.761114
219.001849
