288.261018
287.797927
287.334836
286.871745
286.408653
285.945562
263.510132
263.047041
262.583950
262.120859
261.657768
261.194677
238.759247
238.296156
237.833065
237.369974
236.906883
236.443792
214.008362
213.545271
213.082180
212.619088
212.155997
211.692906
189.257476
188.794385
188.331294
187.868203
187.405112
186.942021
164.506591
164.043500
163.580409
163.117318
162.654227
162.191136
139.755706
139.292615
138.829523
138.366432
137.903341
137.440250
115.004820
114.541729
114.078638
113.615547
113.152456
112.689365
90.253935
89.790844
89.327753
88.864662
88.401571
87.938480
