400.780062
422.239007
443.697953
465.156899
486.615844
508.074790
402.323727
423.782673
445.241618
466.700564
488.159509
509.618455
403.867393
425.326338
446.785284
468.244229
489.703175
511.162120
405.411058
426.870004
448.328949
469.787895
491.246840
512.705786
406.954724
428.413669
449.872615
471.331560
492.790506
514.249451
408.498389
429.957335
451.416280
472.875226
494.334171
515.793117
410.042054
431.501000
452.959946
474.418891
495.877837
517.336782
411.585720
433.044665
454.503611
475.962556
497.421502
518.880448
413.129385
434.588331
456.047276
477.506222
498.965167
520.424113
