323.254096
323.293080
325.259313
329.118255
334.804466
342.226878
333.842653
333.880401
335.784644
339.523979
345.038747
352.245571
345.917076
345.953506
347.791653
351.403242
356.734416
363.709567
359.327608
359.362679
361.132580
364.612047
369.752823
376.486859
373.930524
373.964225
375.665339
379.011414
383.959447
390.448539
389.591765
389.624111
391.257145
394.470985
399.227458
405.472278
406.188933
406.219958
407.786537
410.871105
415.439851
421.444510
423.612035
423.641784
425.144171
428.103692
432.490435
438.261545
441.763356
441.791883
443.232752
446.072279
450.284002
455.829889
