347.691387
350.464772
353.238158
356.011544
358.784929
361.558315
329.065998
331.839384
334.612769
337.386155
340.159541
342.932926
310.440609
313.213995
315.987381
318.760766
321.534152
324.307538
291.815221
294.588606
297.361992
300.135378
302.908763
305.682149
273.189832
275.963217
278.736603
281.509989
284.283374
287.056760
254.564443
257.337829
260.111214
262.884600
265.657986
268.431371
235.939054
238.712440
241.485826
244.259211
247.032597
249.805983
217.313666
220.087051
222.860437
225.633823
228.407208
231.180594
198.688277
201.461663
204.235048
207.008434
209.781820
212.555205
