1042.000000
1030.000000
1000.000000
978.000000
947.000000
919.000000
1038.000000
1006.000000
985.000000
957.000000
936.000000
904.000000
1019.000000
991.000000
970.000000
944.000000
915.000000
877.000000
1008.000000
978.000000
961.000000
932.000000
896.000000
873.000000
992.000000
979.000000
943.000000
0.000000
0.000000
0.000000
989.000000
953.000000
932.000000
909.000000
0.000000
0.000000
987.000000
963.000000
925.000000
0.000000
0.000000
0.000000
992.000000
962.000000
932.000000
900.000000
872.000000
0.000000
992.000000
965.000000
937.000000
900.000000
860.000000
837.000000
