1040.000000
1056.000000
1116.000000
1137.000000
1212.000000
1215.000000
989.000000
1044.000000
1066.000000
1135.000000
1158.000000
1235.000000
974.000000
998.000000
1064.000000
1087.000000
1151.000000
1171.000000
936.000000
993.000000
1014.000000
1073.000000
1102.000000
1163.000000
919.000000
948.000000
998.000000
1033.000000
1091.000000
1126.000000
884.000000
931.000000
968.000000
1017.000000
1058.000000
1108.000000
866.000000
903.000000
946.000000
994.000000
1036.000000
1085.000000
852.000000
891.000000
930.000000
978.000000
1018.000000
1064.000000
0.000000
877.000000
918.000000
961.000000
1006.000000
1041.000000
