918.000000
868.000000
809.000000
0.000000
0.000000
0.000000
940.000000
878.000000
832.000000
787.000000
0.000000
0.000000
948.000000
895.000000
839.000000
800.000000
0.000000
0.000000
970.000000
910.000000
852.000000
807.000000
761.000000
0.000000
986.000000
929.000000
871.000000
817.000000
768.000000
720.000000
990.000000
937.000000
865.000000
824.000000
771.000000
728.000000
988.000000
922.000000
882.000000
818.000000
780.000000
725.000000
951.000000
932.000000
865.000000
829.000000
772.000000
733.000000
982.000000
906.000000
884.000000
809.000000
788.000000
703.000000
