1020.000000
0.000000
1029.000000
1039.000000
1049.000000
1057.000000
0.000000
0.000000
1038.000000
1043.000000
1055.000000
1065.000000
0.000000
1041.000000
1046.000000
1058.000000
1058.000000
1074.000000
1037.000000
1047.000000
1050.000000
1063.000000
1068.000000
1073.000000
1053.000000
1047.000000
1060.000000
1062.000000
1063.000000
1082.000000
1049.000000
1044.000000
1050.000000
1052.000000
1066.000000
1054.000000
1044.000000
1045.000000
1042.000000
1053.000000
1044.000000
1073.000000
1034.000000
1042.000000
1047.000000
1035.000000
1055.000000
0.000000
1038.000000
1035.000000
1032.000000
1050.000000
0.000000
1064.000000
