964.000000
1000.000000
1057.000000
1087.000000
1147.000000
1181.000000
934.000000
984.000000
1021.000000
1078.000000
1113.000000
1181.000000
918.000000
953.000000
1005.000000
1047.000000
1104.000000
1145.000000
890.000000
941.000000
979.000000
1035.000000
1077.000000
1135.000000
880.000000
916.000000
962.000000
1009.000000
1064.000000
1114.000000
859.000000
905.000000
941.000000
992.000000
1041.000000
1102.000000
846.000000
889.000000
939.000000
979.000000
1033.000000
1080.000000
837.000000
879.000000
920.000000
973.000000
1016.000000
1072.000000
819.000000
872.000000
913.000000
957.000000
1014.000000
1062.000000
