0.000000
0.000000
0.000000
0.000000
0.000000
0.000000
0.000000
0.000000
0.000000
0.000000
0.000000
798.000000
0.000000
824.000000
0.000000
0.000000
840.000000
840.000000
883.000000
872.000000
881.000000
874.000000
884.000000
879.000000
927.000000
917.000000
921.000000
920.000000
923.000000
928.000000
973.000000
959.000000
957.000000
964.000000
965.000000
961.000000
1011.000000
1005.000000
1006.000000
1002.000000
1007.000000
1019.000000
1045.000000
1062.000000
1037.000000
1043.000000
1039.000000
1035.000000
1102.000000
1059.000000
1072.000000
1065.000000
1047.000000
1069.000000
