0.000000
1382.000000
1318.000000
1266.000000
1205.000000
1165.000000
1426.000000
1338.000000
1308.000000
1241.000000
1189.000000
1120.000000
1365.000000
1335.000000
1261.000000
1213.000000
1149.000000
1103.000000
1371.000000
1284.000000
1250.000000
1170.000000
1133.000000
1065.000000
1319.000000
1288.000000
1210.000000
1168.000000
1093.000000
1052.000000
1316.000000
1248.000000
1198.000000
1121.000000
1082.000000
1024.000000
1282.000000
1230.000000
1154.000000
1114.000000
1049.000000
1008.000000
1271.000000
1205.000000
1151.000000
1090.000000
1039.000000
979.000000
1244.000000
1192.000000
1124.000000
1073.000000
1015.000000
966.000000
