1200.000000
1190.000000
1195.000000
1187.000000
1211.000000
1187.000000
1152.000000
1151.000000
1146.000000
1152.000000
1147.000000
1166.000000
1092.000000
1099.000000
1103.000000
1092.000000
1112.000000
1106.000000
1040.000000
1056.000000
1052.000000
1054.000000
1063.000000
1069.000000
987.000000
1000.000000
1005.000000
1006.000000
1012.000000
1015.000000
940.000000
949.000000
948.000000
959.000000
959.000000
972.000000
881.000000
885.000000
890.000000
909.000000
915.000000
930.000000
842.000000
830.000000
855.000000
851.000000
864.000000
880.000000
0.000000
0.000000
0.000000
808.000000
813.000000
840.000000
