890.000000
922.000000
988.000000
1048.000000
1132.000000
1155.000000
877.000000
935.000000
970.000000
1031.000000
1067.000000
1139.000000
858.000000
893.000000
950.000000
979.000000
1061.000000
1102.000000
822.000000
877.000000
912.000000
966.000000
1013.000000
1087.000000
792.000000
837.000000
893.000000
934.000000
996.000000
1046.000000
776.000000
828.000000
869.000000
921.000000
972.000000
1031.000000
770.000000
809.000000
857.000000
902.000000
956.000000
998.000000
0.000000
0.000000
839.000000
887.000000
928.000000
985.000000
735.000000
772.000000
828.000000
874.000000
925.000000
956.000000
