1194.000000
1136.000000
1090.000000
1013.000000
975.000000
898.000000
1168.000000
1120.000000
1046.000000
1012.000000
926.000000
911.000000
1160.000000
1102.000000
1054.000000
967.000000
947.000000
869.000000
1137.000000
1066.000000
1016.000000
978.000000
907.000000
880.000000
1130.000000
1072.000000
1023.000000
949.000000
909.000000
839.000000
1101.000000
1071.000000
988.000000
958.000000
881.000000
856.000000
1089.000000
1033.000000
1005.000000
933.000000
911.000000
832.000000
1094.000000
1060.000000
983.000000
956.000000
867.000000
858.000000
1111.000000
1036.000000
1003.000000
906.000000
900.000000
817.000000
