0.000000
0.000000
867.000000
0.000000
904.000000
919.000000
0.000000
0.000000
0.000000
921.000000
937.000000
957.000000
924.000000
922.000000
943.000000
950.000000
974.000000
986.000000
952.000000
962.000000
974.000000
993.000000
1006.000000
1031.000000
995.000000
995.000000
1016.000000
1029.000000
1051.000000
1068.000000
1031.000000
1039.000000
1050.000000
1078.000000
1091.000000
1116.000000
1076.000000
1078.000000
1102.000000
1117.000000
1137.000000
1153.000000
1101.000000
1127.000000
1129.000000
1154.000000
1168.000000
1184.000000
1146.000000
1123.000000
1173.000000
1164.000000
1191.000000
1222.000000
