1064.000000
1058.000000
1042.000000
1038.000000
1026.000000
1012.000000
1040.000000
997.000000
1000.000000
984.000000
973.000000
964.000000
981.000000
975.000000
935.000000
945.000000
924.000000
912.000000
932.000000
914.000000
895.000000
887.000000
877.000000
858.000000
872.000000
868.000000
842.000000
845.000000
826.000000
814.000000
831.000000
799.000000
798.000000
781.000000
0.000000
0.000000
777.000000
749.000000
0.000000
0.000000
0.000000
0.000000
0.000000
0.000000
0.000000
0.000000
0.000000
0.000000
674.000000
0.000000
0.000000
0.000000
0.000000
618.000000
