925.000000
959.000000
1016.000000
1055.000000
1116.000000
1145.000000
893.000000
947.000000
981.000000
1044.000000
1064.000000
1145.000000
876.000000
913.000000
970.000000
1012.000000
1070.000000
1108.000000
848.000000
902.000000
944.000000
1002.000000
1031.000000
1103.000000
833.000000
875.000000
929.000000
976.000000
1030.000000
1067.000000
819.000000
865.000000
907.000000
963.000000
1011.000000
1072.000000
0.000000
846.000000
894.000000
942.000000
1001.000000
1044.000000
797.000000
840.000000
885.000000
940.000000
983.000000
1041.000000
790.000000
829.000000
883.000000
931.000000
982.000000
1021.000000
