701.000000
748.000000
792.000000
845.000000
885.000000
948.000000
0.000000
0.000000
809.000000
847.000000
908.000000
947.000000
0.000000
768.000000
811.000000
868.000000
908.000000
970.000000
0.000000
0.000000
844.000000
870.000000
934.000000
964.000000
0.000000
802.000000
836.000000
901.000000
931.000000
1003.000000
0.000000
804.000000
859.000000
886.000000
969.000000
988.000000
755.000000
814.000000
837.000000
921.000000
922.000000
1028.000000
780.000000
788.000000
868.000000
860.000000
966.000000
956.000000
748.000000
830.000000
808.000000
926.000000
888.000000
1036.000000
