0.000000
846.000000
891.000000
927.000000
979.000000
993.000000
801.000000
836.000000
879.000000
929.000000
972.000000
1021.000000
0.000000
840.000000
878.000000
918.000000
968.000000
1008.000000
0.000000
834.000000
881.000000
919.000000
952.000000
1009.000000
0.000000
833.000000
870.000000
910.000000
950.000000
985.000000
0.000000
823.000000
874.000000
896.000000
938.000000
964.000000
0.000000
0.000000
846.000000
894.000000
910.000000
967.000000
789.000000
810.000000
853.000000
873.000000
914.000000
908.000000
784.000000
818.000000
838.000000
886.000000
873.000000
955.000000
