888.000000
925.000000
974.000000
1009.000000
1068.000000
1104.000000
870.000000
918.000000
956.000000
1010.000000
1048.000000
1107.000000
864.000000
900.000000
951.000000
991.000000
1045.000000
1082.000000
865.000000
897.000000
935.000000
984.000000
1028.000000
1077.000000
0.000000
895.000000
931.000000
972.000000
1016.000000
1055.000000
842.000000
881.000000
920.000000
955.000000
994.000000
1021.000000
835.000000
878.000000
910.000000
944.000000
964.000000
1017.000000
0.000000
867.000000
905.000000
917.000000
963.000000
995.000000
832.000000
863.000000
877.000000
924.000000
922.000000
992.000000
