836.000000
902.000000
943.000000
1005.000000
1047.000000
1100.000000
838.000000
886.000000
947.000000
980.000000
1057.000000
1085.000000
833.000000
892.000000
928.000000
994.000000
1030.000000
1107.000000
842.000000
876.000000
939.000000
974.000000
1056.000000
1072.000000
831.000000
885.000000
921.000000
990.000000
1011.000000
1112.000000
819.000000
848.000000
928.000000
951.000000
1039.000000
1034.000000
789.000000
862.000000
871.000000
963.000000
948.000000
1075.000000
810.000000
803.000000
898.000000
885.000000
1004.000000
976.000000
752.000000
843.000000
812.000000
940.000000
0.000000
1044.000000
