1138.000000
1120.000000
1056.000000
1004.000000
955.000000
898.000000
1197.000000
1137.000000
1074.000000
1015.000000
962.000000
907.000000
1139.000000
1147.000000
1085.000000
1028.000000
976.000000
923.000000
1200.000000
1166.000000
1102.000000
1040.000000
987.000000
936.000000
1244.000000
1182.000000
1122.000000
1063.000000
1011.000000
951.000000
1263.000000
1203.000000
1136.000000
1081.000000
1021.000000
975.000000
1293.000000
1209.000000
1164.000000
1099.000000
1044.000000
989.000000
1270.000000
1240.000000
1164.000000
1114.000000
1058.000000
1011.000000
1304.000000
1193.000000
1190.000000
1121.000000
1079.000000
1021.000000
