896.000000
879.000000
841.000000
0.000000
0.000000
0.000000
920.000000
871.000000
0.000000
0.000000
0.000000
0.000000
918.000000
887.000000
0.000000
0.000000
0.000000
0.000000
934.000000
896.000000
872.000000
0.000000
0.000000
0.000000
939.000000
914.000000
0.000000
0.000000
0.000000
0.000000
953.000000
914.000000
884.000000
0.000000
822.000000
0.000000
941.000000
914.000000
878.000000
859.000000
0.000000
0.000000
946.000000
902.000000
889.000000
833.000000
829.000000
0.000000
929.000000
915.000000
863.000000
858.000000
803.000000
807.000000
