960.000000
965.000000
910.000000
894.000000
842.000000
816.000000
990.000000
914.000000
907.000000
848.000000
837.000000
787.000000
937.000000
925.000000
865.000000
849.000000
818.000000
0.000000
941.000000
895.000000
870.000000
833.000000
0.000000
0.000000
913.000000
887.000000
860.000000
0.000000
0.000000
0.000000
899.000000
864.000000
838.000000
803.000000
0.000000
0.000000
865.000000
844.000000
814.000000
0.000000
0.000000
0.000000
849.000000
817.000000
799.000000
0.000000
0.000000
0.000000
817.000000
808.000000
0.000000
0.000000
0.000000
0.000000
