1252.000000
1232.000000
1198.000000
1173.000000
1137.000000
1110.000000
1247.000000
1198.000000
1181.000000
1151.000000
1125.000000
1092.000000
1227.000000
1204.000000
1168.000000
1134.000000
1102.000000
1076.000000
1226.000000
1179.000000
1156.000000
1115.000000
1085.000000
1048.000000
1196.000000
1166.000000
1127.000000
1096.000000
1057.000000
1028.000000
1195.000000
1134.000000
1101.000000
1054.000000
1034.000000
995.000000
1150.000000
1111.000000
1071.000000
1051.000000
1005.000000
984.000000
1147.000000
1112.000000
1058.000000
1015.000000
992.000000
955.000000
1127.000000
1084.000000
1041.000000
1004.000000
957.000000
928.000000
