1329.000000
1300.000000
1256.000000
1234.000000
1199.000000
1163.000000
1330.000000
1274.000000
1253.000000
1205.000000
1180.000000
1137.000000
1295.000000
1260.000000
1221.000000
1205.000000
1153.000000
1117.000000
1276.000000
1238.000000
1213.000000
1172.000000
1145.000000
1100.000000
1262.000000
1233.000000
1183.000000
1165.000000
1124.000000
1083.000000
1260.000000
1203.000000
1189.000000
1146.000000
1114.000000
1070.000000
1231.000000
1207.000000
1161.000000
1142.000000
1095.000000
1061.000000
1247.000000
1184.000000
1171.000000
1123.000000
1096.000000
1047.000000
1228.000000
1193.000000
1153.000000
1126.000000
1082.000000
1042.000000
