999.000000
976.000000
946.000000
929.000000
895.000000
877.000000
1017.000000
991.000000
963.000000
942.000000
915.000000
0.000000
1039.000000
1008.000000
977.000000
956.000000
926.000000
907.000000
1054.000000
1024.000000
997.000000
970.000000
949.000000
913.000000
1076.000000
1045.000000
1016.000000
987.000000
960.000000
932.000000
1088.000000
1066.000000
1030.000000
1003.000000
963.000000
929.000000
1121.000000
1072.000000
1047.000000
1000.000000
977.000000
942.000000
1113.000000
1099.000000
1032.000000
1026.000000
983.000000
945.000000
1155.000000
1078.000000
1072.000000
1001.000000
1011.000000
951.000000
