558.613142
550.774661
543.973172
538.247988
533.633752
530.159472
555.771657
547.892525
541.054807
535.298411
530.658528
527.164640
554.044788
546.140743
539.280813
533.505277
528.849662
525.343744
553.442968
545.530204
538.662499
532.880261
528.219137
524.709006
553.969864
546.064735
539.203839
533.427468
528.771169
525.264727
555.622266
547.740985
540.901351
535.143304
530.502065
527.007140
558.390181
550.548525
543.744208
538.016587
533.400349
529.924539
562.257135
554.470171
547.714575
542.028910
537.447136
533.997667
567.200651
559.482495
552.788158
547.155217
542.616730
539.200335
