444.789676
431.222442
417.655209
404.087975
390.520742
376.953508
441.791755
428.224521
414.657288
401.090054
387.522821
373.955587
438.793834
425.226600
411.659367
398.092133
384.524900
370.957666
435.795913
422.228679
408.661446
395.094212
381.526979
367.959745
432.797992
419.230758
405.663525
392.096291
378.529057
364.961824
429.800071
416.232837
402.665604
389.098370
375.531136
361.963903
426.802150
413.234916
399.667683
386.100449
372.533215
358.965982
423.804229
410.236995
396.669762
383.102528
369.535294
355.968061
420.806308
407.239074
393.671840
380.104607
366.537373
352.970140
