372.824721
384.766665
396.708609
408.650553
420.592497
432.534441
371.186865
383.128810
395.070754
407.012698
418.954642
430.896586
369.549010
381.490954
393.432898
405.374842
417.316786
429.258730
367.911154
379.853098
391.795042
403.736987
415.678931
427.620875
366.273299
378.215243
390.157187
402.099131
414.041075
425.983019
364.635443
376.577387
388.519331
400.461275
412.403219
424.345164
362.997587
374.939532
386.881476
398.823420
410.765364
422.707308
361.359732
373.301676
385.243620
397.185564
409.127508
421.069452
359.721876
371.663820
383.605764
395.547709
407.489653
419.431597
