475.970220
484.456781
494.063858
504.727470
516.382166
528.962442
461.759284
470.502242
480.388470
491.348965
503.313549
516.212409
448.492612
457.489176
467.650584
478.902696
491.170556
504.380053
436.256358
445.500093
455.928784
467.463131
480.023438
493.531381
425.139502
434.619741
445.303315
457.105858
469.943069
483.732582
415.231963
424.933296
435.854367
447.905963
460.999430
475.048627
406.622146
416.524060
427.659930
439.936062
453.259817
467.541639
399.393986
409.470731
420.793301
433.264036
446.786804
461.269087
393.623606
403.844358
415.320345
427.950595
441.636088
456.281884
