425.935889
413.044962
400.154034
387.263107
374.372179
361.481251
416.630954
403.740026
390.849098
377.958171
365.067243
352.176315
407.326018
394.435090
381.544163
368.653235
355.762307
342.871380
398.021082
385.130154
372.239227
359.348299
346.457371
333.566444
388.716146
375.825219
362.934291
350.043363
337.152436
324.261508
379.411210
366.520283
353.629355
340.738427
327.847500
314.956572
370.106275
357.215347
344.324419
331.433492
318.542564
305.651636
360.801339
347.910411
335.019483
322.128556
309.237628
296.346701
351.496403
338.605475
325.714548
312.823620
299.932692
287.041765
