474.582069
466.463454
459.563017
453.936317
449.631174
446.685802
466.207092
457.940024
450.909169
445.173103
440.782378
437.777475
459.042443
450.643958
443.497452
437.664259
433.197434
430.139547
453.145535
444.635681
437.391017
431.475278
426.943706
423.840703
448.566369
439.967954
432.645136
426.663599
422.080372
418.941348
445.345596
436.683767
429.304933
423.276197
418.655887
415.490993
443.512809
434.814471
427.403366
421.347423
416.705728
413.525908
443.085232
434.378333
426.959658
420.897330
416.250616
413.067293
444.066926
435.379660
427.978342
421.930651
417.295444
414.120152
