424.075832
421.518569
420.434890
420.836179
422.718207
426.061351
416.558939
413.955242
412.851710
413.260363
415.176734
418.580115
410.429516
407.786684
406.666414
407.081276
409.026598
412.480728
405.750447
403.076938
401.943542
402.363273
404.331295
407.825194
402.572308
399.877551
398.735060
399.158166
401.141912
404.663350
400.930793
398.224929
397.077683
397.502552
399.494520
403.030352
400.844782
398.138332
396.990837
397.415799
399.408199
402.944788
402.315270
399.618780
398.475548
398.898928
400.883958
404.407641
405.325320
402.648988
401.514383
401.934563
403.904674
407.402231
