418.391911
417.938784
417.485656
417.032529
416.579402
416.126274
416.269924
415.816796
415.363669
414.910542
414.457415
414.004287
414.147937
413.694809
413.241682
412.788555
412.335427
411.882300
412.025949
411.572822
411.119695
410.666567
410.213440
409.760313
409.903962
409.450835
408.997707
408.544580
408.091453
407.638326
407.781975
407.328848
406.875720
406.422593
405.969466
405.516338
405.659988
405.206860
404.753733
404.300606
403.847478
403.394351
403.538000
403.084873
402.631746
402.178618
401.725491
401.272364
401.416013
400.962886
400.509759
400.056631
399.603504
399.150377
