477.576787
472.236769
468.172558
465.417579
463.995152
463.917535
466.243227
460.771879
456.605632
453.780433
452.321412
452.241792
455.999896
450.404134
446.141079
443.249186
441.755384
441.673859
446.921766
441.210883
436.858125
433.904367
432.378281
432.294988
439.081113
433.266895
428.833511
425.824094
424.268944
424.184058
432.545238
426.641959
422.139005
419.081517
417.501253
417.414991
427.374007
421.398292
416.838696
413.742041
412.141305
412.053921
423.617399
417.587930
412.986268
409.860508
408.244552
408.156334
421.313256
415.250332
410.622475
407.478582
405.853143
405.764404
