459.830103
459.578994
460.686422
463.142643
466.926370
472.005682
438.295536
438.032082
439.193844
441.769579
445.734774
451.052787
417.147731
416.870913
418.091480
420.796404
424.957341
430.532077
396.448588
396.157306
397.441491
400.285981
404.657874
410.508371
376.272157
375.965243
377.318158
380.313187
384.912001
391.058021
356.707148
356.383385
357.810348
360.967275
365.809378
372.270908
337.859797
337.517956
339.024333
342.354533
347.456119
354.252569
319.856993
319.495890
321.086829
324.601109
329.977284
337.126290
302.849383
302.467977
304.147998
307.855701
313.519155
321.034872
