399.451922
399.757327
400.062731
400.368135
400.673539
400.978943
399.366575
399.671980
399.977384
400.282788
400.588192
400.893597
399.281229
399.586633
399.892037
400.197441
400.502845
400.808250
399.195882
399.501286
399.806690
400.112094
400.417499
400.722903
399.110535
399.415939
399.721343
400.026748
400.332152
400.637556
399.025188
399.330592
399.635996
399.941401
400.246805
400.552209
398.939841
399.245245
399.550650
399.856054
400.161458
400.466862
398.854494
399.159898
399.465303
399.770707
400.076111
400.381515
398.769147
399.074552
399.379956
399.685360
399.990764
400.296169
