452.725220
452.096324
451.467428
450.838532
450.209636
449.580740
450.983533
450.354637
449.725741
449.096845
448.467949
447.839053
449.241845
448.612949
447.984054
447.355158
446.726262
446.097366
447.500158
446.871262
446.242366
445.613470
444.984574
444.355678
445.758471
445.129575
444.500679
443.871783
443.242887
442.613991
444.016784
443.387888
442.758992
442.130096
441.501200
440.872304
442.275096
441.646200
441.017304
440.388408
439.759512
439.130616
440.533409
439.904513
439.275617
438.646721
438.017825
437.388929
438.791722
438.162826
437.533930
436.905034
436.276138
435.647242
