506.063579
505.010108
505.193105
506.611228
509.254161
513.102976
493.605787
492.525671
492.713305
494.167243
496.876371
500.820319
482.123429
481.017531
481.209651
482.698241
485.471375
489.507221
471.687745
470.557321
470.753711
472.275259
475.109234
479.232352
462.369610
461.216349
461.416714
462.968949
465.859541
470.063799
454.237806
453.063845
453.267815
454.847860
457.789733
462.067423
447.357030
446.164965
446.372086
447.976454
450.963155
455.304987
441.785740
440.578601
440.788348
442.412964
445.436971
449.832145
437.573957
436.355166
436.566942
438.207210
441.260040
445.696406
