423.618986
415.627056
409.009358
403.833455
400.155300
398.016418
407.255853
398.936253
392.036910
386.633863
382.790476
380.554008
391.805582
383.150647
375.961731
370.324220
366.309750
363.972029
377.380310
368.386622
360.903737
355.027200
350.837736
348.396214
364.101885
354.771740
346.995378
340.879153
336.513598
333.967373
352.100081
342.443093
334.380138
328.028781
323.489854
320.840288
341.509518
331.544199
323.209469
316.634119
311.929431
309.180813
332.465089
322.220174
313.637761
306.857377
302.000421
299.160591
325.095863
314.611069
305.815188
298.857381
293.868234
290.949039
