457.260739
470.812208
484.363676
497.915145
511.466614
525.018082
446.733630
460.285099
473.836567
487.388036
500.939505
514.490973
436.206521
449.757990
463.309458
476.860927
490.412396
503.963864
425.679412
439.230881
452.782349
466.333818
479.885286
493.436755
415.152303
428.703771
442.255240
455.806709
469.358177
482.909646
404.625194
418.176662
431.728131
445.279600
458.831068
472.382537
394.098085
407.649553
421.201022
434.752491
448.303959
461.855428
383.570975
397.122444
410.673913
424.225381
437.776850
451.328319
373.043866
386.595335
400.146804
413.698272
427.249741
440.801210
