415.338570
409.731659
405.590849
402.961340
401.872798
402.337732
414.237780
408.615764
404.463530
401.826644
400.735020
401.201272
414.644123
409.027692
404.879683
402.245525
401.155041
401.620805
416.553188
410.962849
406.834571
404.213152
403.127991
403.591479
419.944483
414.399896
410.306201
407.707104
406.631267
407.090766
424.782509
419.301901
415.256534
412.688615
411.625798
412.079728
431.018549
425.618250
421.633489
419.104645
418.058140
418.505093
438.592978
433.287093
429.373508
426.890518
425.863145
426.301916
447.437829
442.238075
438.404402
435.972848
434.966929
435.396525
