596.403984
590.531960
584.659937
578.787913
572.915890
567.043866
579.492337
573.620313
567.748289
561.876266
556.004242
550.132219
562.580689
556.708666
550.836642
544.964618
539.092595
533.220571
545.669042
539.797018
533.924995
528.052971
522.180948
516.308924
528.757395
522.885371
517.013347
511.141324
505.269300
499.397277
511.845747
505.973724
500.101700
494.229676
488.357653
482.485629
494.934100
489.062076
483.190053
477.318029
471.446006
465.573982
478.022453
472.150429
466.278405
460.406382
454.534358
448.662335
461.110805
455.238782
449.366758
443.494734
437.622711
431.750687
