503.665409
497.973568
493.484047
490.229880
488.235768
487.517175
493.300272
487.487424
482.900423
479.574446
477.535841
476.801122
484.005653
478.079808
473.401661
470.008472
467.928193
467.178364
475.844288
469.815513
465.054241
461.599694
459.481347
458.717711
468.875357
462.755800
457.921130
454.412359
452.260348
451.484498
463.152690
456.956502
452.059814
448.505190
446.324698
445.538513
458.722932
452.466086
447.520267
443.929296
441.726216
440.931832
455.623795
449.323795
444.343002
440.726144
438.506972
437.706745
453.882536
447.558027
442.557361
438.925789
436.697468
435.893919
