445.718195
448.818670
453.278820
459.059014
466.110146
474.375545
432.485459
435.680114
440.273383
446.222076
453.472856
461.964415
420.324440
423.610818
428.333532
434.445744
441.889799
450.599694
409.330671
412.704601
417.550689
423.818437
431.445892
440.362404
399.600502
403.055891
408.016594
414.428559
422.225675
431.332830
391.228225
394.756905
399.820590
406.361900
414.310854
423.588212
384.302599
387.894286
393.046393
399.698582
407.777447
417.200115
378.902956
382.545344
387.768526
394.509721
402.692699
412.231609
375.095206
378.774211
384.048686
390.854043
399.111980
408.734464
