404.047714
387.669740
372.251394
357.916712
344.800878
333.047922
401.543002
385.058508
369.531227
355.086750
341.862360
330.004766
400.585833
384.060259
368.490916
354.003994
340.737583
328.839434
401.187284
384.687548
369.144663
354.684444
341.444472
329.571844
403.340383
386.932471
371.483525
357.118023
343.971736
332.189446
407.020505
390.767148
375.476014
361.269304
348.279747
336.648266
412.186753
396.145417
381.070157
367.080015
354.303556
342.876483
418.784129
403.005483
388.196718
374.472916
361.957508
350.779860
426.746264
411.273202
396.773133
383.356481
371.140761
360.248161
