532.262975
544.706935
557.150895
569.594855
582.038814
594.482774
530.025319
542.469279
554.913239
567.357199
579.801158
592.245118
527.787663
540.231623
552.675583
565.119543
577.563502
590.007462
525.550007
537.993967
550.437927
562.881887
575.325846
587.769806
523.312351
535.756311
548.200271
560.644231
573.088190
585.532150
521.074695
533.518655
545.962615
558.406575
570.850534
583.294494
518.837039
531.280999
543.724959
556.168919
568.612878
581.056838
516.599383
529.043343
541.487303
553.931263
566.375222
578.819182
514.361727
526.805687
539.249647
551.693607
564.137566
576.581526
