438.111894
433.726000
430.748714
429.209350
429.123383
430.491683
433.523482
429.090690
426.081016
424.524727
424.437810
425.821167
430.340779
425.874862
422.842298
421.274045
421.186458
422.580458
428.595104
424.110805
421.065537
419.490641
419.402682
420.802591
428.304029
423.816649
420.769252
419.193243
419.105222
420.506122
429.470509
424.995447
421.956563
420.385005
420.297233
421.694173
432.082741
427.635016
424.615024
423.053342
422.966123
424.354277
436.114747
431.708564
428.717268
427.170583
427.084205
428.459018
441.527632
437.176007
434.222377
432.695371
432.610097
433.967403
