458.798037
458.180229
458.925490
461.027210
464.466975
469.215360
435.979077
435.328886
436.113198
438.324315
441.940819
446.928597
413.412473
412.726732
413.553913
415.884986
419.694895
424.943864
391.141904
390.417049
391.291394
393.754287
397.776220
403.310556
369.220945
368.452967
369.379306
371.987305
376.241994
382.088368
347.715721
346.900138
347.883872
350.651781
355.162153
361.349744
326.708340
325.840179
326.887298
329.831454
334.622580
341.182875
306.301251
305.375079
306.492124
309.630272
314.729071
321.695308
286.622701
285.632729
286.826670
290.177569
295.612085
303.018131
