444.717539
430.651096
416.584653
402.518210
388.451767
374.385324
444.624508
430.558065
416.491622
402.425179
388.358736
374.292293
444.531477
430.465034
416.398591
402.332148
388.265705
374.199262
444.438447
430.372004
416.305561
402.239118
388.172675
374.106232
444.345416
430.278973
416.212530
402.146087
388.079644
374.013201
444.252385
430.185942
416.119499
402.053056
387.986613
373.920170
444.159355
430.092912
416.026469
401.960026
387.893583
373.827140
444.066324
429.999881
415.933438
401.866995
387.800552
373.734109
443.973293
429.906850
415.840407
401.773964
387.707521
373.641078
