550.298086
556.490783
562.683480
568.876177
575.068873
581.261570
545.583710
551.776407
557.969103
564.161800
570.354497
576.547194
540.869333
547.062030
553.254727
559.447424
565.640121
571.832818
536.154957
542.347654
548.540351
554.733048
560.925745
567.118441
531.440581
537.633278
543.825975
550.018671
556.211368
562.404065
526.726205
532.918901
539.111598
545.304295
551.496992
557.689689
522.011828
528.204525
534.397222
540.589919
546.782616
552.975312
517.297452
523.490149
529.682846
535.875543
542.068239
548.260936
512.583076
518.775773
524.968469
531.161166
537.353863
543.546560
