425.356058
426.675667
427.995276
429.314884
430.634493
431.954102
425.152852
426.472461
427.792070
429.111678
430.431287
431.750896
424.949646
426.269255
427.588864
428.908472
430.228081
431.547690
424.746440
426.066049
427.385658
428.705266
430.024875
431.344484
424.543234
425.862843
427.182452
428.502060
429.821669
431.141278
424.340028
425.659637
426.979246
428.298855
429.618463
430.938072
424.136822
425.456431
426.776040
428.095649
429.415257
430.734866
423.933616
425.253225
426.572834
427.892443
429.212051
430.531660
423.730410
425.050019
426.369628
427.689237
429.008845
430.328454
