482.935607
483.394961
483.854316
484.313670
484.773024
485.232379
464.206041
464.665396
465.124750
465.584104
466.043459
466.502813
445.476476
445.935830
446.395184
446.854539
447.313893
447.773247
426.746910
427.206264
427.665619
428.124973
428.584327
429.043682
408.017344
408.476699
408.936053
409.395407
409.854762
410.314116
389.287779
389.747133
390.206487
390.665842
391.125196
391.584550
370.558213
371.017567
371.476922
371.936276
372.395630
372.854985
351.828647
352.288002
352.747356
353.206710
353.666065
354.125419
333.099082
333.558436
334.017790
334.477145
334.936499
335.395853
