431.637896
427.443381
424.681545
423.380426
423.553487
425.198926
425.550317
421.295197
418.492788
417.172367
417.348002
419.017810
420.862057
416.559049
413.724560
412.388873
412.566544
414.255626
417.620245
413.283486
410.426376
409.079920
409.259027
410.961704
415.858711
411.503388
408.633832
407.281450
407.461348
409.171505
415.596278
411.238175
408.366756
407.013486
407.193502
408.904780
416.835777
412.490770
409.628131
408.279042
408.458501
410.164501
419.563896
415.247437
412.403933
411.063955
411.242198
412.936697
423.751887
419.478524
416.663897
415.337662
415.514072
417.191221
