511.199602
493.663122
476.792957
460.662315
445.351562
430.948094
513.598757
496.147084
479.364344
463.323234
448.103408
433.791321
517.196610
499.870562
483.217161
467.308324
452.222639
438.045158
521.968375
504.806131
488.321078
472.584088
457.672334
443.669033
527.882217
510.918663
494.637367
479.107890
464.405659
450.611652
534.900257
518.166508
502.120280
486.829560
472.367724
458.813155
542.979682
526.502783
510.718539
495.693122
481.497577
468.207392
552.073895
535.876694
520.376860
505.638529
491.730177
478.724151
562.133646
546.234823
531.037406
516.603303
502.998228
490.291202
