465.388765
464.265518
463.142271
462.019024
460.895777
459.772530
461.883222
460.759975
459.636728
458.513481
457.390234
456.266987
458.377679
457.254432
456.131185
455.007938
453.884691
452.761444
454.872136
453.748889
452.625642
451.502395
450.379148
449.255901
451.366593
450.243346
449.120099
447.996852
446.873605
445.750358
447.861049
446.737802
445.614556
444.491309
443.368062
442.244815
444.355506
443.232259
442.109012
440.985766
439.862519
438.739272
440.849963
439.726716
438.603469
437.480222
436.356975
435.233729
437.344420
436.221173
435.097926
433.974679
432.851432
431.728185
