358.061368
367.451613
376.841857
386.232101
395.622345
405.012589
367.799589
377.189833
386.580077
395.970322
405.360566
414.750810
377.537810
386.928054
396.318298
405.708542
415.098786
424.489031
387.276031
396.666275
406.056519
415.446763
424.837007
434.227251
397.014251
406.404496
415.794740
425.184984
434.575228
443.965472
406.752472
416.142716
425.532960
434.923205
444.313449
453.703693
416.490693
425.880937
435.271181
444.661425
454.051669
463.441914
426.228914
435.619158
445.009402
454.399646
463.789890
473.180134
435.967134
445.357379
454.747623
464.137867
473.528111
482.918355
