436.286320
441.594211
446.902103
452.209995
457.517887
462.825778
426.474801
431.782692
437.090584
442.398476
447.706368
453.014259
416.663282
421.971173
427.279065
432.586957
437.894848
443.202740
406.851763
412.159654
417.467546
422.775438
428.083329
433.391221
397.040243
402.348135
407.656027
412.963919
418.271810
423.579702
387.228724
392.536616
397.844508
403.152399
408.460291
413.768183
377.417205
382.725097
388.032989
393.340880
398.648772
403.956664
367.605686
372.913578
378.221470
383.529361
388.837253
394.145145
357.794167
363.102059
368.409951
373.717842
379.025734
384.333626
