558.603223
557.735615
557.987879
559.358497
561.839287
565.415635
561.681589
560.818744
561.069621
562.432729
564.900019
568.457111
565.848791
564.992310
565.241334
566.594407
569.043652
572.575003
571.080993
570.232371
570.479108
571.819787
574.246745
577.746294
577.349242
576.509847
576.753898
578.080025
580.480810
583.943000
584.620213
583.791272
584.032281
585.341918
587.713040
591.132873
592.857015
592.039607
592.277260
593.568705
595.907093
599.280168
602.020005
601.215055
601.449082
602.720876
605.023893
608.346420
612.067589
611.275870
611.506047
612.756968
615.022404
618.291204
