424.073829
424.629581
425.185332
425.741084
426.296835
426.852587
421.516795
422.072546
422.628298
423.184049
423.739801
424.295552
418.959761
419.515512
420.071264
420.627015
421.182766
421.738518
416.402726
416.958478
417.514229
418.069981
418.625732
419.181484
413.845692
414.401443
414.957195
415.512946
416.068698
416.624449
411.288657
411.844409
412.400160
412.955912
413.511663
414.067415
408.731623
409.287375
409.843126
410.398878
410.954629
411.510380
406.174589
406.730340
407.286092
407.841843
408.397595
408.953346
403.617554
404.173306
404.729057
405.284809
405.840560
406.396312
