446.470858
433.446344
421.503546
410.736833
401.240890
393.107820
442.018474
428.858762
416.784529
405.892658
396.280654
388.043635
438.946963
425.692309
413.525632
402.545593
392.851703
384.541242
437.285422
423.978828
411.761524
400.733152
390.994329
382.643531
437.049934
423.735945
411.511430
400.476171
390.730943
382.374393
438.242797
424.966182
412.778102
401.777635
392.064758
383.737255
440.852417
427.656825
415.547670
404.622506
394.979593
386.714863
444.853862
431.780575
419.790389
408.978578
399.440838
391.270353
450.210021
437.296889
425.462190
414.798242
405.397444
397.349461
