395.353414
406.046304
416.739194
427.432084
438.124973
448.817863
404.762590
415.455480
426.148370
436.841259
447.534149
458.227039
414.171766
424.864656
435.557545
446.250435
456.943325
467.636215
423.580942
434.273831
444.966721
455.659611
466.352501
477.045391
432.990117
443.683007
454.375897
465.068787
475.761677
486.454566
442.399293
453.092183
463.785073
474.477963
485.170852
495.863742
451.808469
462.501359
473.194248
483.887138
494.580028
505.272918
461.217645
471.910534
482.603424
493.296314
503.989204
514.682094
470.626820
481.319710
492.012600
502.705490
513.398380
524.091269
