444.021494
435.423611
426.825729
418.227847
409.629964
401.032082
430.481856
421.883974
413.286092
404.688209
396.090327
387.492445
416.942219
408.344337
399.746454
391.148572
382.550690
373.952807
403.402581
394.804699
386.206817
377.608934
369.011052
360.413170
389.862944
381.265062
372.667179
364.069297
355.471415
346.873532
376.323307
367.725424
359.127542
350.529660
341.931777
333.333895
362.783669
354.185787
345.587904
336.990022
328.392140
319.794257
349.244032
340.646149
332.048267
323.450385
314.852502
306.254620
335.704394
327.106512
318.508630
309.910747
301.312865
292.714983
