628.339082
642.454998
657.219025
672.588484
688.522833
704.983768
615.911804
630.306095
645.348119
660.993659
677.200886
693.930444
604.263766
618.929011
634.240919
650.153801
666.624623
683.613056
593.440854
608.367052
623.938211
640.107267
656.830066
674.065396
583.488985
598.663359
614.480463
630.891958
647.852672
665.320604
574.453431
589.860294
605.907244
622.544786
639.726842
657.410720
566.378047
581.998724
598.256581
615.101096
632.485400
650.366207
559.304426
575.117260
591.564269
608.594041
626.159029
644.215454
553.270990
569.251448
585.863152
603.053941
620.775706
638.984272
