449.807425
454.042780
459.600884
466.434453
474.488383
483.701718
442.457674
446.762711
452.410263
459.350816
467.526790
476.874643
436.418224
440.782251
446.505453
453.536378
461.815301
471.276457
431.744068
436.154865
441.937997
449.040443
457.400750
466.951360
428.479887
432.923942
438.749662
445.902896
454.320943
463.934958
426.658044
431.120880
436.970639
444.152526
452.603129
462.252873
426.297033
430.763609
436.618155
443.805745
452.262828
461.919682
427.400554
431.855716
437.695655
444.865837
453.303143
462.938296
429.957331
434.386272
440.192639
447.322799
455.714617
465.299838
