447.480749
445.421379
443.362008
441.302638
439.243267
437.183897
427.310551
425.251180
423.191810
421.132439
419.073069
417.013698
407.140353
405.080982
403.021611
400.962241
398.902870
396.843500
386.970154
384.910784
382.851413
380.792042
378.732672
376.673301
366.799956
364.740585
362.681215
360.621844
358.562474
356.503103
346.629757
344.570387
342.511016
340.451646
338.392275
336.332905
326.459559
324.400188
322.340818
320.281447
318.222077
316.162706
306.289360
304.229990
302.170619
300.111249
298.051878
295.992508
286.119162
284.059791
282.000421
279.941050
277.881680
275.822309
