504.972328
512.298926
519.625523
526.952121
534.278718
541.605316
513.581028
520.907625
528.234223
535.560820
542.887418
550.214015
522.189727
529.516325
536.842922
544.169520
551.496117
558.822715
530.798427
538.125024
545.451622
552.778219
560.104817
567.431414
539.407126
546.733724
554.060321
561.386919
568.713516
576.040114
548.015826
555.342423
562.669021
569.995618
577.322216
584.648813
556.624525
563.951123
571.277720
578.604318
585.930915
593.257513
565.233225
572.559822
579.886420
587.213017
594.539615
601.866212
573.841924
581.168522
588.495119
595.821717
603.148314
610.474912
