419.748619
418.293006
416.837394
415.381781
413.926168
412.470556
417.551062
416.095449
414.639837
413.184224
411.728612
410.272999
415.353505
413.897893
412.442280
410.986667
409.531055
408.075442
413.155949
411.700336
410.244723
408.789111
407.333498
405.877885
410.958392
409.502779
408.047167
406.591554
405.135941
403.680329
408.760835
407.305222
405.849610
404.393997
402.938385
401.482772
406.563278
405.107666
403.652053
402.196440
400.740828
399.285215
404.365722
402.910109
401.454496
399.998884
398.543271
397.087658
402.168165
400.712552
399.256940
397.801327
396.345714
394.890102
