425.665061
430.248983
436.219704
443.521221
452.089058
461.852746
430.486851
435.019967
440.926088
448.150932
456.631910
466.300487
436.688807
441.158200
446.983221
454.111708
462.483390
472.032127
444.213123
448.607559
454.337083
461.351957
469.594582
479.001581
452.993912
457.303977
462.925880
469.812530
477.909255
487.155724
462.959684
467.177816
472.682298
479.428825
487.365819
496.436183
474.035709
478.156143
483.535666
490.132822
497.899213
506.781086
486.146108
490.164750
495.413893
501.854927
509.442647
518.126678
499.215608
503.129871
508.245128
514.525561
521.929110
530.408747
