436.896064
434.131504
431.366943
428.602383
425.837823
423.073262
434.202324
431.437764
428.673203
425.908643
423.144083
420.379522
431.508584
428.744024
425.979463
423.214903
420.450343
417.685782
428.814844
426.050284
423.285723
420.521163
417.756603
414.992042
426.121104
423.356544
420.591983
417.827423
415.062863
412.298302
423.427364
420.662804
417.898243
415.133683
412.369123
409.604562
420.733624
417.969064
415.204503
412.439943
409.675383
406.910822
418.039884
415.275324
412.510763
409.746203
406.981642
404.217082
415.346144
412.581584
409.817023
407.052463
404.287902
401.523342
