471.044468
458.294622
446.581493
435.988647
426.599543
418.495208
463.315953
450.347357
438.421956
427.627036
418.050178
409.776794
456.826503
443.668259
431.558331
420.587284
410.846362
402.424903
451.629533
438.315303
426.053254
414.936675
405.059890
396.515553
447.770049
434.337526
421.959899
410.732548
400.752163
392.113970
445.282830
431.772936
419.319613
408.019617
397.971202
389.271303
444.190928
430.646781
418.159921
406.827714
396.749113
388.021815
444.504625
430.970337
418.493131
407.170199
397.100290
388.380883
446.220958
432.740353
420.315694
409.043216
399.020578
390.344068
