428.884376
414.495643
400.106910
385.718177
371.329444
356.940711
417.281160
402.892427
388.503694
374.114961
359.726228
345.337495
405.677945
391.289211
376.900478
362.511745
348.123012
333.734279
394.074729
379.685996
365.297262
350.908529
336.519796
322.131063
382.471513
368.082780
353.694047
339.305314
324.916580
310.527847
370.868297
356.479564
342.090831
327.702098
313.313365
298.924631
359.265081
344.876348
330.487615
316.098882
301.710149
287.321416
347.661865
333.273132
318.884399
304.495666
290.106933
275.718200
336.058650
321.669917
307.281183
292.892450
278.503717
264.114984
