476.841611
487.119169
497.396726
507.674284
517.951842
528.229399
489.477049
499.754606
510.032164
520.309722
530.587279
540.864837
502.112486
512.390044
522.667601
532.945159
543.222717
553.500274
514.747924
525.025481
535.303039
545.580597
555.858154
566.135712
527.383361
537.660919
547.938476
558.216034
568.493592
578.771149
540.018799
550.296356
560.573914
570.851472
581.129029
591.406587
552.654236
562.931794
573.209351
583.486909
593.764467
604.042024
565.289674
575.567231
585.844789
596.122347
606.399904
616.677462
577.925111
588.202669
598.480226
608.757784
619.035342
629.312899
