390.325458
396.201346
403.543121
412.272475
422.303371
433.545477
387.409792
393.329239
400.723637
409.513097
419.609962
430.922341
386.094199
392.033511
399.451896
408.268736
418.395631
429.739976
386.395023
392.329781
399.742668
408.553233
418.673246
430.010268
388.308508
394.214460
401.592560
410.363409
420.439854
431.730488
391.811027
397.664965
404.980206
413.679237
423.676828
434.883430
396.860510
402.641040
409.867480
418.464926
428.350835
439.438256
403.398869
409.087021
416.201555
424.670787
434.415494
445.351956
411.355115
416.934736
423.917584
432.235655
441.813540
452.571263
