433.142932
434.846184
437.972154
442.490692
448.359696
455.526971
425.456786
427.190685
430.372264
434.969758
440.938878
448.224831
419.123078
420.883071
424.111971
428.776594
434.830740
442.217341
414.203854
415.984660
419.251287
423.969392
430.091211
437.557830
410.749937
412.545652
415.839295
420.595677
426.765894
434.289687
408.798469
410.602719
413.911823
418.690102
424.887992
432.444459
408.370991
410.177121
413.489631
418.272733
424.476717
432.040378
409.472275
411.273569
414.577318
419.348014
425.536322
433.081477
412.090065
413.879966
417.163074
421.904533
428.055883
435.557394
