436.374593
427.331743
419.585572
413.209009
408.266235
404.809773
423.231530
413.901632
405.899242
399.304180
394.187090
390.606061
411.189823
401.580258
393.327265
386.517750
381.229071
377.525148
400.348864
390.472594
381.979685
374.964150
369.510145
365.687545
390.808592
380.684895
371.968578
364.760546
359.151625
355.217571
382.666302
372.321275
363.404410
356.023031
350.274224
346.239319
376.012820
365.479513
356.391510
348.861780
342.992966
338.871374
370.928273
360.246329
351.022864
343.375427
337.411200
333.220574
367.477791
356.692529
347.374716
339.645148
333.614239
329.375308
