1709.000000
1713.000000
1711.000000
1716.000000
1718.000000
1724.000000
1685.000000
1687.000000
1693.000000
1692.000000
1696.000000
1699.000000
1671.000000
1669.000000
1671.000000
1675.000000
1677.000000
1679.000000
1648.000000
1649.000000
1651.000000
1652.000000
1656.000000
1657.000000
1630.000000
1627.000000
1628.000000
1631.000000
1635.000000
1638.000000
1604.000000
1604.000000
1604.000000
1608.000000
1613.000000
1616.000000
1582.000000
1584.000000
1591.000000
1589.000000
1593.000000
1593.000000
1567.000000
1564.000000
1566.000000
1564.000000
1571.000000
1576.000000
1549.000000
1545.000000
1547.000000
1552.000000
1550.000000
1556.000000
