1233.000000
1194.000000
1151.000000
1119.000000
1071.000000
1037.000000
1232.000000
1197.000000
1159.000000
1108.000000
1077.000000
1034.000000
1242.000000
1202.000000
1160.000000
1123.000000
1078.000000
1045.000000
1248.000000
1205.000000
1168.000000
1121.000000
1090.000000
1047.000000
1253.000000
1218.000000
1175.000000
1135.000000
1089.000000
1057.000000
1273.000000
1217.000000
1184.000000
1136.000000
1103.000000
1059.000000
1275.000000
1238.000000
1189.000000
1155.000000
1106.000000
1075.000000
1293.000000
1245.000000
1211.000000
1152.000000
1128.000000
1082.000000
1294.000000
1260.000000
1211.000000
1179.000000
1130.000000
1097.000000
