1175.000000
1211.000000
1258.000000
1308.000000
1350.000000
1401.000000
1163.000000
1205.000000
1250.000000
1293.000000
1346.000000
1391.000000
1154.000000
1195.000000
1240.000000
1291.000000
1337.000000
1383.000000
1145.000000
1186.000000
1235.000000
1281.000000
1330.000000
1373.000000
1137.000000
1179.000000
1226.000000
1280.000000
1321.000000
1365.000000
1134.000000
1177.000000
1221.000000
1268.000000
1314.000000
1358.000000
1124.000000
1171.000000
1216.000000
1262.000000
1306.000000
1353.000000
1130.000000
1167.000000
1213.000000
1260.000000
1301.000000
1350.000000
1122.000000
1166.000000
1209.000000
1255.000000
1299.000000
1346.000000
