1713.000000
1668.000000
1619.000000
1573.000000
1516.000000
1465.000000
1722.000000
1676.000000
1623.000000
1575.000000
1520.000000
1476.000000
1727.000000
1677.000000
1626.000000
1579.000000
1532.000000
1480.000000
1727.000000
1685.000000
1633.000000
1588.000000
1532.000000
1486.000000
1739.000000
1689.000000
1637.000000
1589.000000
1536.000000
1491.000000
1738.000000
1695.000000
1647.000000
1598.000000
1541.000000
1500.000000
1744.000000
1699.000000
1653.000000
1597.000000
1549.000000
1501.000000
1748.000000
1706.000000
1652.000000
1606.000000
1556.000000
1508.000000
1752.000000
1706.000000
1665.000000
1607.000000
1559.000000
1508.000000
