1339.000000
1348.000000
1331.000000
1347.000000
1349.000000
1331.000000
1340.000000
1334.000000
1337.000000
1340.000000
1340.000000
1340.000000
1331.000000
1338.000000
1328.000000
1334.000000
1335.000000
1337.000000
1331.000000
1320.000000
1324.000000
1322.000000
1329.000000
1324.000000
1325.000000
1320.000000
1317.000000
1320.000000
1319.000000
1318.000000
1320.000000
1317.000000
1310.000000
1315.000000
1311.000000
1316.000000
1311.000000
1309.000000
1307.000000
1308.000000
1308.000000
1305.000000
1300.000000
1296.000000
1294.000000
1296.000000
1295.000000
1298.000000
1291.000000
1284.000000
1285.000000
1282.000000
1288.000000
1284.000000
