1673.000000
1652.000000
1624.000000
1609.000000
1589.000000
1572.000000
1666.000000
1638.000000
1617.000000
1600.000000
1578.000000
1562.000000
1653.000000
1628.000000
1612.000000
1585.000000
1571.000000
1551.000000
1647.000000
1625.000000
1599.000000
1578.000000
1563.000000
1542.000000
1634.000000
1612.000000
1587.000000
1565.000000
1550.000000
1534.000000
1628.000000
1602.000000
1581.000000
1561.000000
1548.000000
1528.000000
1616.000000
1587.000000
1574.000000
1549.000000
1535.000000
1517.000000
1603.000000
1585.000000
1563.000000
1545.000000
1526.000000
1511.000000
1592.000000
1573.000000
1551.000000
1533.000000
1518.000000
1500.000000
