1247.000000
1245.000000
1239.000000
1242.000000
1242.000000
1244.000000
1235.000000
1231.000000
1233.000000
1234.000000
1236.000000
1236.000000
1233.000000
1228.000000
1224.000000
1226.000000
1227.000000
1232.000000
1225.000000
1222.000000
1218.000000
1217.000000
1219.000000
1224.000000
1218.000000
1215.000000
1212.000000
1213.000000
1214.000000
1217.000000
1208.000000
1208.000000
1207.000000
1207.000000
1209.000000
1213.000000
1206.000000
1203.000000
1204.000000
1204.000000
1205.000000
1210.000000
1199.000000
1195.000000
1197.000000
1199.000000
1199.000000
1205.000000
1198.000000
1197.000000
1194.000000
1196.000000
1199.000000
1206.000000
