1193.000000
1200.000000
1189.000000
1182.000000
1184.000000
1163.000000
1194.000000
1188.000000
1185.000000
1165.000000
1176.000000
1159.000000
1185.000000
1189.000000
1164.000000
1179.000000
1156.000000
1157.000000
1186.000000
1173.000000
1174.000000
1128.000000
1157.000000
0.000000
1180.000000
1177.000000
1154.000000
1166.000000
1153.000000
1158.000000
1178.000000
1163.000000
1169.000000
1144.000000
1150.000000
1138.000000
1174.000000
1174.000000
1145.000000
1168.000000
1118.000000
1159.000000
1175.000000
1166.000000
1172.000000
1152.000000
1169.000000
1154.000000
1173.000000
1168.000000
1156.000000
1168.000000
1133.000000
1158.000000
