1298.000000
1254.000000
1206.000000
1169.000000
1125.000000
1089.000000
1280.000000
1241.000000
1201.000000
1155.000000
1110.000000
1070.000000
1262.000000
1222.000000
1181.000000
1138.000000
1092.000000
1053.000000
1255.000000
1209.000000
1170.000000
1123.000000
1080.000000
1037.000000
1247.000000
1201.000000
1154.000000
1113.000000
1071.000000
1026.000000
1234.000000
1190.000000
1142.000000
1101.000000
1058.000000
1014.000000
1223.000000
1179.000000
1134.000000
1089.000000
1050.000000
1005.000000
1215.000000
1173.000000
1125.000000
1083.000000
1038.000000
997.000000
1207.000000
1161.000000
1119.000000
1079.000000
1036.000000
995.000000
