1213.000000
1209.000000
1206.000000
1204.000000
1200.000000
1196.000000
1211.000000
1202.000000
1203.000000
1197.000000
1197.000000
1195.000000
1201.000000
1200.000000
1192.000000
1191.000000
1190.000000
1192.000000
1200.000000
1188.000000
1189.000000
1184.000000
1185.000000
1186.000000
1190.000000
1185.000000
1180.000000
1178.000000
1177.000000
1179.000000
1185.000000
1178.000000
1175.000000
1172.000000
1171.000000
1174.000000
1177.000000
1174.000000
1168.000000
1168.000000
1165.000000
1166.000000
1176.000000
1172.000000
1169.000000
1165.000000
1165.000000
1165.000000
1172.000000
1165.000000
1164.000000
1162.000000
1162.000000
1160.000000
