1246.000000
1257.000000
1160.000000
1167.000000
1102.000000
1086.000000
1294.000000
1226.000000
1206.000000
1143.000000
1131.000000
1079.000000
1287.000000
1251.000000
1196.000000
1169.000000
1123.000000
1097.000000
1302.000000
1239.000000
1215.000000
1168.000000
1138.000000
1094.000000
1294.000000
1262.000000
1210.000000
1181.000000
1135.000000
1102.000000
1314.000000
1259.000000
1223.000000
1177.000000
1141.000000
1099.000000
1303.000000
1268.000000
1220.000000
1186.000000
1141.000000
1105.000000
1316.000000
1267.000000
1226.000000
1186.000000
1147.000000
1108.000000
1313.000000
1273.000000
1230.000000
1191.000000
1149.000000
1113.000000
