1289.000000
1250.000000
1273.000000
1240.000000
1259.000000
1231.000000
1232.000000
1247.000000
1220.000000
1233.000000
1208.000000
1220.000000
1220.000000
1199.000000
1205.000000
1191.000000
1192.000000
1171.000000
1180.000000
1183.000000
1168.000000
1167.000000
1152.000000
1154.000000
1157.000000
1147.000000
1140.000000
1133.000000
1130.000000
1119.000000
1127.000000
1121.000000
1110.000000
1106.000000
1096.000000
1093.000000
1099.000000
1092.000000
1085.000000
1074.000000
1073.000000
1063.000000
1073.000000
1067.000000
1058.000000
1052.000000
1044.000000
1039.000000
1048.000000
1042.000000
1032.000000
1022.000000
1021.000000
1016.000000
