1116.000000
1099.000000
1084.000000
1066.000000
1047.000000
1029.000000
1140.000000
1124.000000
1106.000000
1089.000000
1072.000000
1054.000000
1167.000000
1150.000000
1132.000000
1112.000000
1097.000000
1079.000000
1192.000000
1175.000000
1160.000000
1143.000000
1122.000000
1106.000000
1226.000000
1206.000000
1186.000000
1172.000000
1152.000000
1136.000000
1249.000000
1232.000000
1215.000000
1202.000000
1183.000000
1165.000000
1280.000000
1262.000000
1251.000000
1226.000000
1211.000000
1199.000000
1306.000000
1300.000000
1273.000000
1270.000000
1244.000000
1227.000000
1347.000000
1326.000000
1315.000000
1289.000000
1281.000000
1257.000000
