1393.000000
1397.000000
1407.000000
1411.000000
1416.000000
1430.000000
1445.000000
1450.000000
1456.000000
1460.000000
1467.000000
1475.000000
1494.000000
1494.000000
1506.000000
1512.000000
1516.000000
1523.000000
1544.000000
1551.000000
1550.000000
1554.000000
1569.000000
1577.000000
1591.000000
1593.000000
1601.000000
1606.000000
1614.000000
1623.000000
1643.000000
1644.000000
1646.000000
1664.000000
1662.000000
1669.000000
1685.000000
1690.000000
1700.000000
1702.000000
1710.000000
1724.000000
1740.000000
1752.000000
1745.000000
1758.000000
1759.000000
1767.000000
1790.000000
1787.000000
1802.000000
1803.000000
1813.000000
1819.000000
