1075.000000
1096.000000
1140.000000
1166.000000
1185.000000
1224.000000
1074.000000
1111.000000
1137.000000
1170.000000
1200.000000
1235.000000
1075.000000
1105.000000
1140.000000
1171.000000
1181.000000
1220.000000
1073.000000
1110.000000
1141.000000
1171.000000
1196.000000
1242.000000
1077.000000
1102.000000
1139.000000
1169.000000
1206.000000
1240.000000
1075.000000
1109.000000
1140.000000
1175.000000
1206.000000
1246.000000
1073.000000
1103.000000
1136.000000
1175.000000
1207.000000
1243.000000
1068.000000
1105.000000
1136.000000
1173.000000
1205.000000
1241.000000
1068.000000
1098.000000
1132.000000
1169.000000
1205.000000
1242.000000
