1641.000000
1602.000000
1546.000000
1495.000000
1439.000000
1395.000000
1637.000000
1588.000000
1542.000000
1486.000000
1435.000000
1388.000000
1635.000000
1580.000000
1530.000000
1475.000000
1431.000000
1386.000000
1621.000000
1572.000000
1522.000000
1473.000000
1419.000000
1374.000000
1616.000000
1559.000000
1514.000000
1460.000000
1418.000000
1369.000000
1605.000000
1551.000000
1506.000000
1458.000000
1409.000000
1363.000000
1601.000000
1548.000000
1503.000000
1453.000000
1403.000000
1352.000000
1593.000000
1541.000000
1493.000000
1441.000000
1395.000000
1352.000000
1586.000000
1537.000000
1490.000000
1441.000000
1392.000000
1345.000000
