1279.000000
1287.000000
1266.000000
1276.000000
1258.000000
1269.000000
1296.000000
1274.000000
1284.000000
1267.000000
1273.000000
1258.000000
1289.000000
1291.000000
1278.000000
1278.000000
1267.000000
1271.000000
1303.000000
1288.000000
1291.000000
1282.000000
1280.000000
1270.000000
1295.000000
1296.000000
1285.000000
1285.000000
1275.000000
1277.000000
1304.000000
1292.000000
1292.000000
1280.000000
1284.000000
1276.000000
1299.000000
1301.000000
1291.000000
1289.000000
1281.000000
1280.000000
1309.000000
1296.000000
1298.000000
1287.000000
1289.000000
1283.000000
1307.000000
1306.000000
1296.000000
1297.000000
1289.000000
1290.000000
