1388.000000
1399.000000
1415.000000
1425.000000
1442.000000
1453.000000
1403.000000
1417.000000
1428.000000
1443.000000
1452.000000
1469.000000
1421.000000
1431.000000
1443.000000
1457.000000
1472.000000
1484.000000
1434.000000
1446.000000
1461.000000
1476.000000
1487.000000
1502.000000
1448.000000
1464.000000
1478.000000
1490.000000
1504.000000
1519.000000
1467.000000
1478.000000
1490.000000
1505.000000
1521.000000
1540.000000
1484.000000
1498.000000
1508.000000
1522.000000
1537.000000
1552.000000
1500.000000
1512.000000
1524.000000
1541.000000
1556.000000
1571.000000
1522.000000
1531.000000
1543.000000
1556.000000
1573.000000
1589.000000
