1285.000000
1250.000000
1202.000000
1171.000000
1130.000000
1096.000000
1283.000000
1232.000000
1204.000000
1159.000000
1125.000000
1087.000000
1274.000000
1229.000000
1189.000000
1153.000000
1118.000000
1080.000000
1262.000000
1221.000000
1184.000000
1144.000000
1110.000000
1072.000000
1256.000000
1215.000000
1174.000000
1137.000000
1101.000000
1066.000000
1248.000000
1205.000000
1161.000000
1130.000000
1093.000000
1061.000000
1243.000000
1201.000000
1162.000000
1121.000000
1091.000000
1051.000000
1229.000000
1197.000000
1151.000000
1118.000000
1082.000000
1052.000000
1228.000000
1185.000000
1153.000000
1109.000000
1075.000000
1043.000000
