1435.000000
1395.000000
1359.000000
1313.000000
1279.000000
1249.000000
1471.000000
1434.000000
1391.000000
1362.000000
1319.000000
1288.000000
1516.000000
1471.000000
1439.000000
1405.000000
1359.000000
1325.000000
1554.000000
1520.000000
1478.000000
1434.000000
1401.000000
1367.000000
1599.000000
1564.000000
1518.000000
1485.000000
1446.000000
1412.000000
1635.000000
1605.000000
1569.000000
1528.000000
1491.000000
1450.000000
1677.000000
1639.000000
1602.000000
1568.000000
1531.000000
1487.000000
1716.000000
1682.000000
1644.000000
1612.000000
1565.000000
1529.000000
1753.000000
1717.000000
1679.000000
1645.000000
1606.000000
1571.000000
