1159.000000
1149.000000
1167.000000
1123.000000
1176.000000
1117.000000
1159.000000
1154.000000
1151.000000
1166.000000
1126.000000
1168.000000
1161.000000
1154.000000
1156.000000
1148.000000
1166.000000
1151.000000
1151.000000
1150.000000
1141.000000
1156.000000
1143.000000
1164.000000
1149.000000
1144.000000
1146.000000
1146.000000
1152.000000
1146.000000
1140.000000
1136.000000
1140.000000
1143.000000
1141.000000
1152.000000
1136.000000
1132.000000
1137.000000
1134.000000
1144.000000
1148.000000
1131.000000
1127.000000
1129.000000
1131.000000
1135.000000
1142.000000
1122.000000
1123.000000
1127.000000
1128.000000
1133.000000
1138.000000
