1176.000000
1158.000000
1105.000000
1077.000000
1040.000000
1001.000000
1183.000000
1133.000000
1102.000000
1062.000000
1025.000000
988.000000
1162.000000
1130.000000
1086.000000
1049.000000
1010.000000
972.000000
1162.000000
1119.000000
1083.000000
1040.000000
1000.000000
962.000000
1157.000000
1110.000000
1069.000000
1029.000000
991.000000
950.000000
1144.000000
1103.000000
1062.000000
1019.000000
981.000000
941.000000
1139.000000
1095.000000
1052.000000
1014.000000
976.000000
936.000000
1130.000000
1090.000000
1047.000000
1011.000000
969.000000
932.000000
1127.000000
1076.000000
1043.000000
1005.000000
965.000000
933.000000
