1258.000000
1268.000000
1269.000000
1288.000000
1302.000000
1308.000000
1245.000000
1258.000000
1269.000000
1282.000000
1295.000000
1304.000000
1243.000000
1253.000000
1263.000000
1275.000000
1283.000000
1296.000000
1240.000000
1248.000000
1261.000000
1268.000000
1279.000000
1291.000000
1234.000000
1245.000000
1253.000000
1262.000000
1275.000000
1283.000000
1229.000000
1242.000000
1248.000000
1257.000000
1270.000000
1281.000000
1225.000000
1237.000000
1245.000000
1256.000000
1266.000000
1278.000000
1225.000000
1233.000000
1245.000000
1254.000000
1264.000000
1275.000000
1225.000000
1232.000000
1241.000000
1252.000000
1265.000000
1275.000000
