1306.000000
1273.000000
1221.000000
1184.000000
1136.000000
1099.000000
1300.000000
1240.000000
1210.000000
1158.000000
1119.000000
1073.000000
1259.000000
1234.000000
1180.000000
1143.000000
1094.000000
1058.000000
1260.000000
1206.000000
1170.000000
1123.000000
1084.000000
1039.000000
1231.000000
1198.000000
1145.000000
1109.000000
1066.000000
1026.000000
1225.000000
1171.000000
1134.000000
1089.000000
1052.000000
1010.000000
1205.000000
1161.000000
1116.000000
1077.000000
1035.000000
995.000000
1192.000000
1150.000000
1102.000000
1057.000000
1020.000000
980.000000
1173.000000
1134.000000
1088.000000
1051.000000
1008.000000
972.000000
